6.000
5.000
6.000
10.000
8.000
12.000
4.000
8.000
6.000
11.000
12.000
12.000
6.000
9.000
9.000
10.000
14.000
11.000
11.000
13.000
9.000
7.000
10.000
5.000
3.000
7.000
8.000
8.000
13.000
7.000
11.000
5.000
11.000
8.000
11.000
13.000
10.000
10.000
10.000
5.000
7.000
8.000
12.000
9.000
10.000
10.000
6.000
9.000
8.000
11.000
7.000
11.000
10.000
6.000
9.000
9.000
7.000
11.000
8.000
12.000
2.000
10.000
8.000
7.000
9.000
7.000
12.000
9.000
9.000
8.000
5.000
9.000
7.000
13.000
7.000
10.000
11.000
4.000
10.000
5.000
8.000
8.000
10.000
10.000
7.000
9.000
2.000
11.000
10.000
10.000
7.000
13.000
3.000
7.000
10.000
10.000
8.000
9.000
7.000
6.000
