109.000
99.000
96.000
88.000
79.000
93.000
100.000
104.000
103.000
107.000
106.000
111.000
93.000
85.000
95.000
83.000
106.000
97.000
106.000
117.000
100.000
125.000
95.000
98.000
79.000
105.000
98.000
108.000
100.000
97.000
90.000
114.000
89.000
98.000
103.000
114.000
80.000
98.000
96.000
112.000
95.000
114.000
80.000
81.000
105.000
100.000
100.000
89.000
102.000
97.000
82.000
90.000
91.000
103.000
100.000
86.000
95.000
101.000
94.000
120.000
106.000
93.000
92.000
91.000
98.000
98.000
106.000
93.000
106.000
96.000
111.000
89.000
85.000
82.000
105.000
90.000
89.000
64.000
94.000
106.000
109.000
105.000
88.000
82.000
91.000
94.000
88.000
118.000
107.000
76.000
105.000
86.000
91.000
88.000
114.000
103.000
82.000
102.000
95.000
80.000
