5147.000
4989.000
5170.000
5133.000
5048.000
5035.000
5091.000
5068.000
4940.000
5003.000
5120.000
5126.000
5193.000
4974.000
5130.000
5098.000
5055.000
5161.000
4988.000
4989.000
5031.000
5124.000
5103.000
5196.000
5033.000
4991.000
5086.000
5066.000
5150.000
5127.000
5209.000
5082.000
5150.000
5112.000
4971.000
5059.000
5117.000
5069.000
5085.000
5115.000
5117.000
5000.000
5158.000
4959.000
5157.000
4976.000
4983.000
5053.000
5066.000
5019.000
5114.000
4955.000
5124.000
5185.000
5077.000
5058.000
4969.000
5139.000
5114.000
5059.000
5074.000
5005.000
5024.000
5023.000
5084.000
4977.000
5100.000
5043.000
5049.000
5138.000
4959.000
5093.000
5111.000
5215.000
5125.000
4961.000
4942.000
5125.000
5216.000
5165.000
5190.000
4939.000
5102.000
5059.000
5111.000
5028.000
5079.000
5106.000
5129.000
4963.000
5096.000
5113.000
5098.000
5027.000
5220.000
5096.000
4992.000
5145.000
5083.000
4930.000
