4822.000
4920.000
4735.000
4991.000
4819.000
4737.000
4787.000
4905.000
4872.000
4869.000
4866.000
4714.000
4955.000
4804.000
4869.000
4859.000
4891.000
4951.000
4982.000
4880.000
4890.000
4730.000
4888.000
4796.000
4905.000
4786.000
4819.000
4728.000
4922.000
4943.000
4944.000
4767.000
4833.000
4888.000
4879.000
4796.000
4769.000
4890.000
4907.000
4905.000
4917.000
4908.000
4840.000
4945.000
4991.000
4944.000
4735.000
4856.000
4908.000
4905.000
4803.000
4870.000
4794.000
4955.000
4863.000
4819.000
4784.000
4799.000
4875.000
4927.000
4881.000
4987.000
4853.000
4800.000
4845.000
4811.000
4789.000
4790.000
4957.000
4864.000
4853.000
4779.000
4890.000
4822.000
4847.000
4831.000
4890.000
4746.000
4932.000
5050.000
4725.000
4941.000
4921.000
4716.000
4945.000
4923.000
5022.000
4936.000
4840.000
4815.000
4916.000
4909.000
4802.000
4886.000
4915.000
4791.000
4859.000
4926.000
4838.000
4892.000
