EnergyDepositedInSi, SourceZ, SiAngleOffAxis, AbsorberThickness
115.065,-100,0,0
161.432,-100,0,0
410.675,-100,0,0
392.784,-100,0,0
91.9713,-100,0,0
113.794,-100,0,0
100.093,-100,0,0
172.283,-100,0,0
172.983,-100,0,0
158.105,-100,0,0
126.782,-100,0,0
142.949,-100,0,0
90.7501,-100,0,0
378.052,-100,0,0
205.482,-100,0,0
157.669,-100,0,0
252.855,-100,0,0
126.87,-100,0,0
107.835,-100,0,0
112.53,-100,0,0
87.5681,-100,0,0
139.916,-100,0,0
408.861,-100,0,0
217.977,-100,0,0
383.968,-100,0,0
109.068,-100,0,0
93.2769,-100,0,0
216.624,-100,0,0
144.018,-100,0,0
113.741,-100,0,0
382.073,-100,0,0
91.9221,-100,0,0
98.5877,-100,0,0
123.723,-100,0,0
190.49,-100,0,0
158.562,-100,0,0
405.367,-100,0,0
105.569,-100,0,0
204.731,-100,0,0
256.834,-100,0,0
125.382,-100,0,0
117.437,-100,0,0
84.1789,-100,0,0
120.374,-100,0,0
83.2343,-100,0,0
287.777,-100,0,0
230.296,-100,0,0
117.384,-100,0,0
96.0322,-100,0,0
420.742,-100,0,0
92.0998,-100,0,0
296.824,-100,0,0
91.0018,-100,0,0
100.244,-100,0,0
99.87,-100,0,0
89.3962,-100,0,0
149.082,-100,0,0
221.917,-100,0,0
165.256,-100,0,0
112.458,-100,0,0
209.322,-100,0,0
145.043,-100,0,0
87.5033,-100,0,0
97.9475,-100,0,0
383.212,-100,0,0
127.857,-100,0,0
81.781,-100,0,0
91.013,-100,0,0
129.829,-100,0,0
51.0475,-100,0,0
254.194,-100,0,0
91.3129,-100,0,0
227.611,-100,0,0
137.134,-100,0,0
102.613,-100,0,0
237.666,-100,0,0
300.711,-100,0,0
111.9,-100,0,0
304.543,-100,0,0
377.165,-100,0,0
149.376,-100,0,0
162.462,-100,0,0
305.596,-100,0,0
96.2736,-100,0,0
170.341,-100,0,0
327.564,-100,0,0
198.006,-100,0,0
109.996,-100,0,0
70.0482,-100,0,0
173.051,-100,0,0
249.857,-100,0,0
254.125,-100,0,0
107.154,-100,0,0
141.273,-100,0,0
136.973,-100,0,0
158.748,-100,0,0
127.214,-100,0,0
118.312,-100,0,0
95.7791,-100,0,0
319.696,-100,0,0
214.39,-100,0,0
80.4584,-100,0,0
120.63,-100,0,0
81.8272,-100,0,0
268.141,-100,0,0
179.98,-100,0,0
97.5732,-100,0,0
191.85,-100,0,0
336.856,-100,0,0
91.7836,-100,0,0
331.563,-100,0,0
115.226,-100,0,0
96.9455,-100,0,0
112.812,-100,0,0
140.955,-100,0,0
183.149,-100,0,0
444.185,-100,0,0
166.132,-100,0,0
213.612,-100,0,0
243.504,-100,0,0
98.5724,-100,0,0
97.1861,-100,0,0
122.538,-100,0,0
151.205,-100,0,0
323.557,-100,0,0
113.446,-100,0,0
256.879,-100,0,0
139.067,-100,0,0
80.6078,-100,0,0
212.069,-100,0,0
141.462,-100,0,0
220.598,-100,0,0
77.9776,-100,0,0
125.81,-100,0,0
221.176,-100,0,0
120.846,-100,0,0
96.9536,-100,0,0
128.35,-100,0,0
118.653,-100,0,0
118.781,-100,0,0
152.483,-100,0,0
111.683,-100,0,0
695.018,-100,0,0
142.509,-100,0,0
95.5337,-100,0,0
140.086,-100,0,0
87.5181,-100,0,0
138.436,-100,0,0
672.997,-100,0,0
101.131,-100,0,0
209.788,-100,0,0
417.523,-100,0,0
69.3195,-100,0,0
119.962,-100,0,0
304.173,-100,0,0
34.6482,-100,0,0
53.4997,-100,0,0
95.5688,-100,0,0
90.6193,-100,0,0
251.626,-100,0,0
210.974,-100,0,0
225.038,-100,0,0
212.272,-100,0,0
86.5722,-100,0,0
97.5461,-100,0,0
130.898,-100,0,0
407.709,-100,0,0
153.351,-100,0,0
139.49,-100,0,0
669.596,-100,0,0
404.698,-100,0,0
84.0341,-100,0,0
126.782,-100,0,0
86.2103,-100,0,0
337.452,-100,0,0
129.027,-100,0,0
97.7932,-100,0,0
125.906,-100,0,0
174.915,-100,0,0
75.4994,-100,0,0
129.999,-100,0,0
119.767,-100,0,0
300.29,-100,0,0
120.536,-100,0,0
102.309,-100,0,0
265.773,-100,0,0
101.733,-100,0,0
216.586,-100,0,0
441.532,-100,0,0
253.316,-100,0,0
204.33,-100,0,0
86.825,-100,0,0
127.067,-100,0,0
184.798,-100,0,0
296.62,-100,0,0
87.167,-100,0,0
292.021,-100,0,0
18.7991,-100,0,0
290.618,-100,0,0
97.4764,-100,0,0
104.726,-100,0,0
706.636,-100,0,0
244.084,-100,0,0
66.8055,-100,0,0
298.634,-100,0,0
191.588,-100,0,0
103.974,-100,0,0
135.326,-100,0,0
94.8541,-100,0,0
167.851,-100,0,0
25.3558,-100,0,0
517.324,-100,0,0
117.814,-100,0,0
166.594,-100,0,0
441.055,-100,0,0
198.614,-100,0,0
110.019,-100,0,0
343.358,-100,0,0
309.381,-100,0,0
483.652,-100,0,0
212.417,-100,0,0
127.32,-100,0,0
9.39426,-100,0,0
142.325,-100,0,0
357.396,-100,0,0
91.1302,-100,0,0
246.399,-100,0,0
333.769,-100,0,0
144.692,-100,0,0
22.814,-100,0,0
79.6401,-100,0,0
88.8214,-100,0,0
148.632,-100,0,0
19.5566,-100,0,0
103.546,-100,0,0
193.732,-100,0,0
153.961,-100,0,0
320.572,-100,0,0
234.716,-100,0,0
287.164,-100,0,0
418.378,-100,0,0
219.251,-100,0,0
148.325,-100,0,0
340.215,-100,0,0
125.007,-100,0,0
261.403,-100,0,0
97.6905,-100,0,0
98.0434,-100,0,0
164.44,-100,0,0
375.172,-100,0,0
83.2213,-100,0,0
104.893,-100,0,0
94.822,-100,0,0
9.89322,-100,0,0
186.508,-100,0,0
14.5142,-100,0,0
153.93,-100,0,0
228.626,-100,0,0
89.7079,-100,0,0
360.148,-100,0,0
131.636,-100,0,0
127.189,-100,0,0
371.786,-100,0,0
77.2553,-100,0,0
152.564,-100,0,0
86.417,-100,0,0
98.2939,-100,0,0
146.61,-100,0,0
512.142,-100,0,0
242.645,-100,0,0
375.77,-100,0,0
425.49,-100,0,0
128.196,-100,0,0
84.7677,-100,0,0
67.2006,-100,0,0
317.172,-100,0,0
360.416,-100,0,0
108.204,-100,0,0
372.809,-100,0,0
355.259,-100,0,0
66.794,-100,0,0
126.477,-100,0,0
189.993,-100,0,0
90.3773,-100,0,0
14.1246,-100,0,0
46.5296,-100,0,0
85.3991,-100,0,0
94.7816,-100,0,0
90.8715,-100,0,0
107.049,-100,0,0
152.085,-100,0,0
73.6525,-100,0,0
265.673,-100,0,0
137.454,-100,0,0
101.608,-100,0,0
102.133,-100,0,0
124.352,-100,0,0
341.39,-100,0,0
171.98,-100,0,0
74.2331,-100,0,0
99.7275,-100,0,0
82.6913,-100,0,0
144.728,-100,0,0
134.177,-100,0,0
161.77,-100,0,0
270.406,-100,0,0
379.995,-100,0,0
79.9736,-100,0,0
20.6816,-100,0,0
101.927,-100,0,0
79.9503,-100,0,0
117.082,-100,0,0
5.61329,-100,0,0
482.079,-100,0,0
151.981,-100,0,0
100.414,-100,0,0
29.5487,-100,0,0
281.995,-100,0,0
139.156,-100,0,0
278.43,-100,0,0
110.176,-100,0,0
123.62,-100,0,0
336.072,-100,0,0
81.7207,-100,0,0
117.193,-100,0,0
3.22846,-100,0,0
177.713,-100,0,0
78.9608,-100,0,0
114.41,-100,0,0
139.585,-100,0,0
225.515,-100,0,0
174.775,-100,0,0
396.121,-100,0,0
91.1537,-100,0,0
109.788,-100,0,0
255.748,-100,0,0
103.146,-100,0,0
163.414,-100,0,0
180.361,-100,0,0
286.996,-100,0,0
96.5188,-100,0,0
615.789,-100,0,0
298.704,-100,0,0
378.317,-100,0,0
143.364,-100,0,0
105.363,-100,0,0
137.785,-100,0,0
351.824,-100,0,0
502.666,-100,0,0
107.501,-100,0,0
80.7801,-100,0,0
286.5,-100,0,0
92.7839,-100,0,0
295.293,-100,0,0
84.1905,-100,0,0
317.482,-100,0,0
222.857,-100,0,0
113.187,-100,0,0
311.969,-100,0,0
176.848,-100,0,0
120.042,-100,0,0
101.812,-100,0,0
124.796,-100,0,0
84.0133,-100,0,0
137.931,-100,0,0
344.005,-100,0,0
92.2505,-100,0,0
108.561,-100,0,0
67.4662,-100,0,0
30.6737,-100,0,0
102.301,-100,0,0
90.4774,-100,0,0
212.381,-100,0,0
92.6554,-100,0,0
207.593,-100,0,0
15.6096,-100,0,0
573.092,-100,0,0
129.548,-100,0,0
117.505,-100,0,0
423.169,-100,0,0
102.05,-100,0,0
104.483,-100,0,0
163.323,-100,0,0
246.635,-100,0,0
205.075,-100,0,0
250.22,-100,0,0
91.5545,-100,0,0
115.286,-100,0,0
310.411,-100,0,0
440.563,-100,0,0
405.401,-100,0,0
263.357,-100,0,0
317.089,-100,0,0
62.1625,-100,0,0
228.353,-100,0,0
301.594,-100,0,0
98.1274,-100,0,0
76.4402,-100,0,0
176.2,-100,0,0
84.3013,-100,0,0
156.294,-100,0,0
301.631,-100,0,0
97.2648,-100,0,0
275.368,-100,0,0
239.68,-100,0,0
78.8179,-100,0,0
97.4496,-100,0,0
96.9739,-100,0,0
12.0086,-100,0,0
374.2,-100,0,0
80.7466,-100,0,0
222.04,-100,0,0
271.912,-100,0,0
82.8525,-100,0,0
258.893,-100,0,0
136.591,-100,0,0
211.099,-100,0,0
137.334,-100,0,0
95.9977,-100,0,0
89.7466,-100,0,0
93.3853,-100,0,0
106.836,-100,0,0
88.1767,-100,0,0
176.447,-100,0,0
14.1246,-100,0,0
235.259,-100,0,0
183.477,-100,0,0
117.237,-100,0,0
381.456,-100,0,0
222.61,-100,0,0
183.417,-100,0,0
101.735,-100,0,0
153.098,-100,0,0
113.745,-100,0,0
196.669,-100,0,0
100.556,-100,0,0
181.732,-100,0,0
90.8851,-100,0,0
126.305,-100,0,0
234.164,-100,0,0
119.633,-100,0,0
69.673,-100,0,0
117.786,-100,0,0
263.226,-100,0,0
94.1278,-100,0,0
126.759,-100,0,0
93.4128,-100,0,0
159.83,-100,0,0
111.082,-100,0,0
156.586,-100,0,0
79.0855,-100,0,0
187.476,-100,0,0
31.5474,-100,0,0
354.044,-100,0,0
547.407,-100,0,0
350.366,-100,0,0
394.346,-100,0,0
120.208,-100,0,0
85.2852,-100,0,0
136.591,-100,0,0
159.351,-100,0,0
126.187,-100,0,0
214.639,-100,0,0
92.2024,-100,0,0
76.1705,-100,0,0
166.299,-100,0,0
107.418,-100,0,0
183.857,-100,0,0
101.543,-100,0,0
33.5959,-100,0,0
132.595,-100,0,0
164.537,-100,0,0
112.761,-100,0,0
542.323,-100,0,0
114.041,-100,0,0
117.653,-100,0,0
88.6672,-100,0,0
80.9455,-100,0,0
89.3606,-100,0,0
80.9149,-100,0,0
135.666,-100,0,0
96.7491,-100,0,0
412.485,-100,0,0
111.978,-100,0,0
104.616,-100,0,0
498.022,-100,0,0
81.0898,-100,0,0
146.197,-100,0,0
89.4586,-100,0,0
146.483,-100,0,0
71.9911,-100,0,0
238.126,-100,0,0
188.356,-100,0,0
279.687,-100,0,0
38.218,-100,0,0
93.3988,-100,0,0
104.201,-100,0,0
102.721,-100,0,0
714.532,-100,0,0
