EnergyDepositedInSi, SourceZ, SiAngleOffAxis, AbsorberThickness
50.3288,0,0,0
56.1545,0,0,0
25.0289,0,0,0
54.9803,0,0,0
54.4769,0,0,0
53.7435,0,0,0
12.1385,0,0,0
54.9229,0,0,0
55.1823,0,0,0
53.2682,0,0,0
50.8145,0,0,0
55.1448,0,0,0
53.5446,0,0,0
54.5858,0,0,0
16.9062,0,0,0
53.3905,0,0,0
57.0173,0,0,0
42.0889,0,0,0
55.2188,0,0,0
55.2077,0,0,0
53.1766,0,0,0
54.9699,0,0,0
10.8143,0,0,0
50.1568,0,0,0
6.87703,0,0,0
55.755,0,0,0
55.653,0,0,0
54.7006,0,0,0
52.2255,0,0,0
53.5371,0,0,0
49.4632,0,0,0
52.9889,0,0,0
54.7945,0,0,0
4.47647,0,0,0
53.4199,0,0,0
55.4067,0,0,0
47.8157,0,0,0
41.6843,0,0,0
52.8461,0,0,0
52.4955,0,0,0
17.0149,0,0,0
53.2421,0,0,0
56.1088,0,0,0
30.4764,0,0,0
52.5216,0,0,0
9.14917,0,0,0
54.9264,0,0,0
55.3924,0,0,0
49.482,0,0,0
57.2136,0,0,0
53.9051,0,0,0
52.4865,0,0,0
54.5297,0,0,0
7.06435,0,0,0
41.343,0,0,0
22.6615,0,0,0
48.6404,0,0,0
54.6481,0,0,0
55.7872,0,0,0
55.7431,0,0,0
2.21917,0,0,0
40.0158,0,0,0
16.6289,0,0,0
54.2399,0,0,0
55.605,0,0,0
55.7304,0,0,0
51.2339,0,0,0
54.9255,0,0,0
49.8767,0,0,0
55.9361,0,0,0
55.8744,0,0,0
53.471,0,0,0
48.7573,0,0,0
55.044,0,0,0
55.732,0,0,0
55.7308,0,0,0
22.0544,0,0,0
52.7073,0,0,0
51.7275,0,0,0
27.9605,0,0,0
54.4318,0,0,0
21.1854,0,0,0
51.8018,0,0,0
54.1901,0,0,0
49.9549,0,0,0
51.1642,0,0,0
54.3979,0,0,0
56.0324,0,0,0
7.89473,0,0,0
53.4846,0,0,0
53.4826,0,0,0
54.95,0,0,0
54.2201,0,0,0
55.2907,0,0,0
52.7201,0,0,0
55.8553,0,0,0
53.9281,0,0,0
54.9585,0,0,0
54.4938,0,0,0
54.5758,0,0,0
55.695,0,0,0
55.2984,0,0,0
53.0256,0,0,0
39.3703,0,0,0
11.4919,0,0,0
51.6945,0,0,0
10.9884,0,0,0
52.3257,0,0,0
52.0318,0,0,0
51.3321,0,0,0
55.117,0,0,0
55.3828,0,0,0
24.6971,0,0,0
52.4038,0,0,0
54.0802,0,0,0
53.103,0,0,0
48.4256,0,0,0
54.0938,0,0,0
48.5235,0,0,0
54.601,0,0,0
56.9623,0,0,0
54.1492,0,0,0
53.0649,0,0,0
51.53,0,0,0
15.2159,0,0,0
55.4416,0,0,0
55.2246,0,0,0
54.1745,0,0,0
45.9814,0,0,0
54.4425,0,0,0
0.242904,0,0,0
57.4132,0,0,0
54.437,0,0,0
53.334,0,0,0
53.8865,0,0,0
53.0397,0,0,0
53.6589,0,0,0
52.023,0,0,0
51.1053,0,0,0
55.3603,0,0,0
55.97,0,0,0
1.29309,0,0,0
53.0054,0,0,0
52.827,0,0,0
52.1366,0,0,0
2.57788,0,0,0
49.6652,0,0,0
55.7889,0,0,0
55.664,0,0,0
4.23671,0,0,0
53.9861,0,0,0
54.1421,0,0,0
35.5896,0,0,0
55.4189,0,0,0
36.4695,0,0,0
54.8672,0,0,0
47.623,0,0,0
52.3246,0,0,0
55.7139,0,0,0
12.3947,0,0,0
52.2543,0,0,0
56.7623,0,0,0
54.6858,0,0,0
54.2237,0,0,0
21.1632,0,0,0
53.2758,0,0,0
43.658,0,0,0
55.8741,0,0,0
20.1374,0,0,0
27.075,0,0,0
24.1816,0,0,0
56.2868,0,0,0
55.083,0,0,0
53.4616,0,0,0
54.442,0,0,0
55.9853,0,0,0
28.4156,0,0,0
53.0806,0,0,0
44.8869,0,0,0
54.6739,0,0,0
56.8181,0,0,0
54.1154,0,0,0
53.7651,0,0,0
51.3823,0,0,0
54.8339,0,0,0
13.2124,0,0,0
50.5645,0,0,0
53.3753,0,0,0
51.8609,0,0,0
55.9728,0,0,0
10.2378,0,0,0
34.7224,0,0,0
55.1995,0,0,0
54.0671,0,0,0
54.8557,0,0,0
50.8467,0,0,0
54.9666,0,0,0
1.84506,0,0,0
1.37819,0,0,0
52.3451,0,0,0
56.3449,0,0,0
26.0959,0,0,0
8.04407,0,0,0
56.618,0,0,0
53.509,0,0,0
53.8258,0,0,0
53.4494,0,0,0
55.3843,0,0,0
54.6425,0,0,0
55.8778,0,0,0
55.5501,0,0,0
55.7681,0,0,0
49.5937,0,0,0
53.602,0,0,0
53.4845,0,0,0
53.048,0,0,0
55.0069,0,0,0
48.5986,0,0,0
55.7405,0,0,0
50.7077,0,0,0
45.0104,0,0,0
53.1435,0,0,0
52.8473,0,0,0
17.9634,0,0,0
49.3649,0,0,0
55.2297,0,0,0
51.7062,0,0,0
54.1576,0,0,0
51.4105,0,0,0
52.6621,0,0,0
56.4412,0,0,0
49.8722,0,0,0
50.8402,0,0,0
51.7116,0,0,0
55.4593,0,0,0
10.9667,0,0,0
29.7669,0,0,0
56.2369,0,0,0
54.6999,0,0,0
56.0181,0,0,0
52.344,0,0,0
29.6492,0,0,0
54.5237,0,0,0
54.8962,0,0,0
54.6326,0,0,0
30.1079,0,0,0
53.8948,0,0,0
6.04115,0,0,0
54.2317,0,0,0
54.984,0,0,0
52.6911,0,0,0
44.4981,0,0,0
53.2774,0,0,0
10.2696,0,0,0
50.9223,0,0,0
55.1483,0,0,0
55.2113,0,0,0
54.0617,0,0,0
54.2688,0,0,0
55.612,0,0,0
49.4568,0,0,0
55.649,0,0,0
53.6911,0,0,0
56.6184,0,0,0
53.2247,0,0,0
52.7257,0,0,0
22.7766,0,0,0
53.8634,0,0,0
53.4411,0,0,0
30.4512,0,0,0
55.6077,0,0,0
8.00984,0,0,0
16.8098,0,0,0
0.978214,0,0,0
19.3691,0,0,0
52.3761,0,0,0
50.8715,0,0,0
55.5623,0,0,0
55.276,0,0,0
53.883,0,0,0
51.7804,0,0,0
55.6508,0,0,0
28.603,0,0,0
52.2767,0,0,0
56.3399,0,0,0
54.2948,0,0,0
34.4956,0,0,0
53.6787,0,0,0
41.393,0,0,0
53.6529,0,0,0
52.1103,0,0,0
52.9271,0,0,0
48.2174,0,0,0
54.4593,0,0,0
54.3793,0,0,0
56.684,0,0,0
55.0897,0,0,0
48.4948,0,0,0
54.7784,0,0,0
54.1388,0,0,0
55.26,0,0,0
50.0037,0,0,0
33.4473,0,0,0
56.4966,0,0,0
3.03465,0,0,0
17.0647,0,0,0
52.5289,0,0,0
35.2237,0,0,0
52.6395,0,0,0
52.9278,0,0,0
55.5325,0,0,0
48.3648,0,0,0
53.4155,0,0,0
53.8633,0,0,0
1.42503,0,0,0
54.467,0,0,0
56.9401,0,0,0
45.7765,0,0,0
19.816,0,0,0
53.1943,0,0,0
18.0383,0,0,0
53.7497,0,0,0
56.4941,0,0,0
53.9385,0,0,0
15.7882,0,0,0
54.5617,0,0,0
53.4615,0,0,0
9.29901,0,0,0
46.4504,0,0,0
52.9075,0,0,0
4.4305,0,0,0
55.4751,0,0,0
27.368,0,0,0
53.8715,0,0,0
56.7176,0,0,0
51.3556,0,0,0
53.4815,0,0,0
56.4044,0,0,0
52.4146,0,0,0
22.9214,0,0,0
52.5241,0,0,0
3.45217,0,0,0
35.3346,0,0,0
53.1374,0,0,0
22.8234,0,0,0
53.9826,0,0,0
55.5165,0,0,0
52.982,0,0,0
8.21733,0,0,0
55.7748,0,0,0
14.0943,0,0,0
55.9684,0,0,0
23.3507,0,0,0
56.1782,0,0,0
56.2701,0,0,0
51.318,0,0,0
20.1822,0,0,0
50.8762,0,0,0
53.7064,0,0,0
51.3746,0,0,0
51.6142,0,0,0
51.928,0,0,0
48.5591,0,0,0
15.2222,0,0,0
50.2067,0,0,0
48.5766,0,0,0
51.7891,0,0,0
54.0205,0,0,0
53.3449,0,0,0
52.9035,0,0,0
55.1527,0,0,0
54.9269,0,0,0
16.4338,0,0,0
4.23979,0,0,0
51.9506,0,0,0
25.6865,0,0,0
51.1508,0,0,0
54.72,0,0,0
39.9123,0,0,0
51.9043,0,0,0
54.8547,0,0,0
55.3495,0,0,0
50.4574,0,0,0
55.3883,0,0,0
55.2621,0,0,0
55.2734,0,0,0
55.9791,0,0,0
51.4432,0,0,0
17.0218,0,0,0
55.2642,0,0,0
56.2044,0,0,0
56.3536,0,0,0
50.5536,0,0,0
19.8643,0,0,0
4.4352,0,0,0
43.8614,0,0,0
52.2807,0,0,0
55.4042,0,0,0
51.7083,0,0,0
53.9694,0,0,0
51.0579,0,0,0
55.0723,0,0,0
53.661,0,0,0
53.5715,0,0,0
51.3269,0,0,0
54.7337,0,0,0
6.31264,0,0,0
54.1055,0,0,0
47.9141,0,0,0
44.8269,0,0,0
53.6057,0,0,0
54.7916,0,0,0
53.6143,0,0,0
52.7453,0,0,0
54.0148,0,0,0
51.8035,0,0,0
51.9328,0,0,0
13.9482,0,0,0
14.8848,0,0,0
54.7296,0,0,0
52.7125,0,0,0
53.1632,0,0,0
50.9121,0,0,0
56.1797,0,0,0
6.68104,0,0,0
54.3505,0,0,0
51.5078,0,0,0
54.227,0,0,0
53.9721,0,0,0
43.0597,0,0,0
19.8849,0,0,0
54.1555,0,0,0
54.1054,0,0,0
55.3146,0,0,0
54.9541,0,0,0
53.1665,0,0,0
32.899,0,0,0
52.6551,0,0,0
55.2203,0,0,0
53.0718,0,0,0
54.6691,0,0,0
49.0502,0,0,0
53.3794,0,0,0
36.4341,0,0,0
52.9903,0,0,0
18.8628,0,0,0
56.7436,0,0,0
51.542,0,0,0
45.2527,0,0,0
51.256,0,0,0
56.2492,0,0,0
48.3424,0,0,0
53.5299,0,0,0
24.9284,0,0,0
54.2148,0,0,0
54.4034,0,0,0
54.9513,0,0,0
51.1614,0,0,0
50.1436,0,0,0
54.1444,0,0,0
17.7983,0,0,0
56.4103,0,0,0
54.9918,0,0,0
53.4571,0,0,0
25.4901,0,0,0
49.7335,0,0,0
56.478,0,0,0
8.79567,0,0,0
54.2201,0,0,0
12.4085,0,0,0
23.7295,0,0,0
54.4479,0,0,0
20.3843,0,0,0
54.3873,0,0,0
56.7315,0,0,0
55.2709,0,0,0
55.9197,0,0,0
50.5981,0,0,0
53.7972,0,0,0
49.1385,0,0,0
54.9923,0,0,0
53.5935,0,0,0
55.9734,0,0,0
53.303,0,0,0
31.014,0,0,0
53.539,0,0,0
55.4441,0,0,0
55.5009,0,0,0
46.2739,0,0,0
55.8286,0,0,0
11.804,0,0,0
51.9613,0,0,0
50.8681,0,0,0
55.2643,0,0,0
52.7415,0,0,0
18.8257,0,0,0
19.6522,0,0,0
47.3341,0,0,0
57.1215,0,0,0
53.9642,0,0,0
55.7385,0,0,0
13.2533,0,0,0
49.4512,0,0,0
54.9073,0,0,0
49.1143,0,0,0
54.7414,0,0,0
55.7601,0,0,0
41.3289,0,0,0
53.7558,0,0,0
49.3286,0,0,0
56.4981,0,0,0
55.4625,0,0,0
23.342,0,0,0
55.8392,0,0,0
53.9869,0,0,0
51.6889,0,0,0
36.5227,0,0,0
9.92476,0,0,0
26.4577,0,0,0
54.302,0,0,0
18.3333,0,0,0
52.0628,0,0,0
53.374,0,0,0
56.5827,0,0,0
55.4466,0,0,0
54.0023,0,0,0
55.8318,0,0,0
55.2012,0,0,0
52.8934,0,0,0
51.3353,0,0,0
53.4488,0,0,0
53.4015,0,0,0
27.509,0,0,0
55.4696,0,0,0
55.5677,0,0,0
40.8009,0,0,0
10.8932,0,0,0
30.5353,0,0,0
56.5693,0,0,0
54.6365,0,0,0
48.9302,0,0,0
54.799,0,0,0
47.912,0,0,0
26.7711,0,0,0
52.5239,0,0,0
55.5233,0,0,0
51.0005,0,0,0
55.1137,0,0,0
51.5727,0,0,0
53.8361,0,0,0
56.5268,0,0,0
55.0359,0,0,0
55.7491,0,0,0
5.964,0,0,0
7.83489,0,0,0
22.12,0,0,0
55.5708,0,0,0
51.8496,0,0,0
54.216,0,0,0
54.2579,0,0,0
56.977,0,0,0
56.3068,0,0,0
57.3118,0,0,0
55.5137,0,0,0
53.2366,0,0,0
42.1635,0,0,0
24.5275,0,0,0
54.7423,0,0,0
55.4858,0,0,0
21.4311,0,0,0
55.1296,0,0,0
53.4667,0,0,0
51.4171,0,0,0
54.5973,0,0,0
25.9252,0,0,0
55.8052,0,0,0
55.7083,0,0,0
54.8837,0,0,0
22.3854,0,0,0
49.5608,0,0,0
46.6975,0,0,0
55.1572,0,0,0
53.3389,0,0,0
6.85607,0,0,0
47.7712,0,0,0
54.6804,0,0,0
54.4919,0,0,0
56.6862,0,0,0
52.2689,0,0,0
56.4236,0,0,0
51.8533,0,0,0
8.87976,0,0,0
50.5954,0,0,0
44.5873,0,0,0
55.7297,0,0,0
56.4603,0,0,0
20.4514,0,0,0
52.8964,0,0,0
51.1771,0,0,0
51.4021,0,0,0
53.342,0,0,0
55.338,0,0,0
55.9433,0,0,0
51.6783,0,0,0
50.5482,0,0,0
55.3938,0,0,0
8.57576,0,0,0
53.0472,0,0,0
49.1803,0,0,0
51.8589,0,0,0
53.8514,0,0,0
55.3333,0,0,0
53.2244,0,0,0
11.7097,0,0,0
52.8085,0,0,0
54.5909,0,0,0
52.422,0,0,0
54.2355,0,0,0
0.755316,0,0,0
55.9737,0,0,0
56.498,0,0,0
55.944,0,0,0
56.6045,0,0,0
53.9689,0,0,0
56.655,0,0,0
53.2781,0,0,0
53.8827,0,0,0
49.6258,0,0,0
49.3955,0,0,0
54.03,0,0,0
55.316,0,0,0
54.1751,0,0,0
52.61,0,0,0
56.8077,0,0,0
52.4797,0,0,0
54.3136,0,0,0
53.5772,0,0,0
54.7159,0,0,0
53.4248,0,0,0
54.8991,0,0,0
56.0701,0,0,0
55.2032,0,0,0
53.8832,0,0,0
53.0799,0,0,0
46.1556,0,0,0
7.80881,0,0,0
56.3109,0,0,0
24.1848,0,0,0
23.098,0,0,0
54.2903,0,0,0
52.4477,0,0,0
54.7971,0,0,0
54.3648,0,0,0
57.137,0,0,0
54.8622,0,0,0
54.0132,0,0,0
53.9921,0,0,0
55.3489,0,0,0
52.6924,0,0,0
54.4991,0,0,0
53.21,0,0,0
55.6656,0,0,0
23.0355,0,0,0
40.8259,0,0,0
54.3968,0,0,0
53.0173,0,0,0
51.3999,0,0,0
48.7936,0,0,0
8.38078,0,0,0
54.7762,0,0,0
42.3047,0,0,0
55.0419,0,0,0
6.82283,0,0,0
55.8845,0,0,0
54.6061,0,0,0
54.2964,0,0,0
8.56402,0,0,0
54.3826,0,0,0
51.4618,0,0,0
55.9582,0,0,0
54.9429,0,0,0
54.9483,0,0,0
55.5101,0,0,0
48.6597,0,0,0
8.94337,0,0,0
54.5993,0,0,0
51.8542,0,0,0
54.8596,0,0,0
53.7531,0,0,0
51.6282,0,0,0
54.8081,0,0,0
55.6898,0,0,0
53.6849,0,0,0
55.6201,0,0,0
16.8844,0,0,0
53.0735,0,0,0
42.303,0,0,0
21.8694,0,0,0
43.1657,0,0,0
54.7731,0,0,0
54.4839,0,0,0
54.0471,0,0,0
54.1009,0,0,0
46.12,0,0,0
53.931,0,0,0
4.09861,0,0,0
27.3724,0,0,0
55.4631,0,0,0
53.9811,0,0,0
47.9454,0,0,0
54.7528,0,0,0
56.2091,0,0,0
53.0048,0,0,0
8.97624,0,0,0
51.0447,0,0,0
56.5988,0,0,0
54.751,0,0,0
54.732,0,0,0
53.9212,0,0,0
0.781065,0,0,0
56.0437,0,0,0
5.59148,0,0,0
53.8872,0,0,0
55.4111,0,0,0
7.01205,0,0,0
15.5921,0,0,0
52.5654,0,0,0
51.7522,0,0,0
51.5939,0,0,0
8.25714,0,0,0
52.9307,0,0,0
53.3105,0,0,0
53.6337,0,0,0
51.9586,0,0,0
49.9399,0,0,0
56.8083,0,0,0
53.3061,0,0,0
53.952,0,0,0
54.1768,0,0,0
53.742,0,0,0
56.4761,0,0,0
54.3787,0,0,0
51.5034,0,0,0
26.1523,0,0,0
55.4278,0,0,0
29.3154,0,0,0
51.42,0,0,0
52.0624,0,0,0
50.738,0,0,0
52.8925,0,0,0
55.8417,0,0,0
44.9479,0,0,0
52.842,0,0,0
52.1357,0,0,0
53.0279,0,0,0
52.6225,0,0,0
51.8161,0,0,0
51.321,0,0,0
14.4902,0,0,0
1.01383,0,0,0
53.4288,0,0,0
53.9685,0,0,0
52.1784,0,0,0
54.8427,0,0,0
53.8291,0,0,0
17.4476,0,0,0
16.7853,0,0,0
50.9408,0,0,0
50.937,0,0,0
51.9541,0,0,0
54.1914,0,0,0
0.512802,0,0,0
46.2383,0,0,0
55.8385,0,0,0
54.188,0,0,0
53.7003,0,0,0
54.585,0,0,0
54.3814,0,0,0
54.1754,0,0,0
55.7863,0,0,0
12.0779,0,0,0
55.9557,0,0,0
56.4247,0,0,0
53.9997,0,0,0
18.6793,0,0,0
46.8281,0,0,0
54.097,0,0,0
56.0289,0,0,0
8.14945,0,0,0
55.7065,0,0,0
35.8775,0,0,0
50.345,0,0,0
54.9116,0,0,0
16.4065,0,0,0
54.4473,0,0,0
56.6645,0,0,0
39.1951,0,0,0
14.1457,0,0,0
51.622,0,0,0
51.9839,0,0,0
53.7282,0,0,0
56.9028,0,0,0
2.47611,0,0,0
49.4968,0,0,0
55.337,0,0,0
55.5992,0,0,0
11.1327,0,0,0
15.8916,0,0,0
52.4935,0,0,0
54.7961,0,0,0
55.0336,0,0,0
54.9075,0,0,0
48.604,0,0,0
48.7199,0,0,0
54.3786,0,0,0
53.1141,0,0,0
53.4688,0,0,0
47.7427,0,0,0
51.7489,0,0,0
1.86492,0,0,0
4.96172,0,0,0
51.2696,0,0,0
54.5083,0,0,0
54.5082,0,0,0
16.7483,0,0,0
54.1336,0,0,0
46.9471,0,0,0
54.2154,0,0,0
55.3417,0,0,0
33.9009,0,0,0
55.1093,0,0,0
53.8091,0,0,0
51.9722,0,0,0
52.7239,0,0,0
4.44817,0,0,0
54.5643,0,0,0
48.2388,0,0,0
52.4834,0,0,0
50.0752,0,0,0
51.3582,0,0,0
53.3764,0,0,0
9.19044,0,0,0
9.35765,0,0,0
8.66619,0,0,0
56.2799,0,0,0
0.675474,0,0,0
47.2974,0,0,0
54.7229,0,0,0
51.4604,0,0,0
55.9417,0,0,0
54.0971,0,0,0
51.7639,0,0,0
19.9487,0,0,0
47.075,0,0,0
55.0214,0,0,0
55.4478,0,0,0
28.4892,0,0,0
12.9213,0,0,0
20.2942,0,0,0
50.5865,0,0,0
27.1815,0,0,0
34.1345,0,0,0
55.5429,0,0,0
53.3646,0,0,0
55.134,0,0,0
55.1186,0,0,0
53.2574,0,0,0
53.1987,0,0,0
53.0024,0,0,0
54.2592,0,0,0
55.4713,0,0,0
52.0971,0,0,0
53.0233,0,0,0
55.4661,0,0,0
54.5453,0,0,0
54.9373,0,0,0
56.5217,0,0,0
54.932,0,0,0
17.8824,0,0,0
52.3764,0,0,0
56.9253,0,0,0
53.7681,0,0,0
53.6134,0,0,0
54.313,0,0,0
53.1922,0,0,0
3.0339,0,0,0
53.571,0,0,0
52.0918,0,0,0
54.4985,0,0,0
54.5726,0,0,0
53.3558,0,0,0
11.0289,0,0,0
51.0002,0,0,0
52.3513,0,0,0
55.3703,0,0,0
54.294,0,0,0
56.3182,0,0,0
52.925,0,0,0
0.600553,0,0,0
54.0284,0,0,0
48.7635,0,0,0
54.7381,0,0,0
1.31594,0,0,0
53.4941,0,0,0
51.1767,0,0,0
55.719,0,0,0
53.6481,0,0,0
52.3171,0,0,0
37.3991,0,0,0
55.3487,0,0,0
53.6961,0,0,0
55.2602,0,0,0
53.6886,0,0,0
54.138,0,0,0
56.3395,0,0,0
6.86602,0,0,0
52.7801,0,0,0
54.8979,0,0,0
49.9936,0,0,0
54.8784,0,0,0
51.8144,0,0,0
53.5996,0,0,0
53.6133,0,0,0
12.1429,0,0,0
54.7976,0,0,0
38.7275,0,0,0
53.4047,0,0,0
52.6651,0,0,0
9.07306,0,0,0
48.349,0,0,0
57.4169,0,0,0
36.6229,0,0,0
54.6243,0,0,0
54.4793,0,0,0
15.6309,0,0,0
19.3525,0,0,0
51.6236,0,0,0
55.4087,0,0,0
52.2286,0,0,0
24.2635,0,0,0
56.242,0,0,0
54.2354,0,0,0
54.5729,0,0,0
52.7621,0,0,0
51.7539,0,0,0
53.7982,0,0,0
11.3123,0,0,0
49.0419,0,0,0
55.75,0,0,0
55.7413,0,0,0
55.5386,0,0,0
55.2353,0,0,0
47.651,0,0,0
41.4016,0,0,0
52.4782,0,0,0
54.916,0,0,0
34.5421,0,0,0
10.0659,0,0,0
52.5666,0,0,0
53.638,0,0,0
55.6962,0,0,0
47.2855,0,0,0
54.1224,0,0,0
54.4693,0,0,0
47.7697,0,0,0
55.2892,0,0,0
55.433,0,0,0
53.9982,0,0,0
53.8495,0,0,0
32.5611,0,0,0
22.1712,0,0,0
43.844,0,0,0
53.5785,0,0,0
54.2217,0,0,0
10.9417,0,0,0
54.858,0,0,0
52.4136,0,0,0
55.5647,0,0,0
54.7012,0,0,0
56.1957,0,0,0
18.6399,0,0,0
51.9139,0,0,0
52.2859,0,0,0
54.7123,0,0,0
51.4304,0,0,0
53.2951,0,0,0
54.7453,0,0,0
16.4887,0,0,0
52.735,0,0,0
29.491,0,0,0
12.9981,0,0,0
52.9489,0,0,0
55.512,0,0,0
31.6016,0,0,0
55.3857,0,0,0
50.9334,0,0,0
54.7029,0,0,0
19.0166,0,0,0
54.5372,0,0,0
54.8546,0,0,0
53.477,0,0,0
51.1485,0,0,0
19.347,0,0,0
22.0092,0,0,0
8.06141,0,0,0
51.6513,0,0,0
42.8374,0,0,0
55.0951,0,0,0
57.0163,0,0,0
53.5471,0,0,0
56.8318,0,0,0
54.9374,0,0,0
54.4786,0,0,0
53.5593,0,0,0
23.5801,0,0,0
54.4948,0,0,0
54.5214,0,0,0
14.3304,0,0,0
50.4426,0,0,0
10.3383,0,0,0
52.713,0,0,0
30.9242,0,0,0
54.3247,0,0,0
54.1443,0,0,0
53.6037,0,0,0
54.5436,0,0,0
50.1178,0,0,0
55.7427,0,0,0
48.017,0,0,0
56.2838,0,0,0
54.0487,0,0,0
54.1452,0,0,0
54.326,0,0,0
16.4817,0,0,0
53.1364,0,0,0
51.7912,0,0,0
54.0413,0,0,0
55.7947,0,0,0
52.8302,0,0,0
14.8102,0,0,0
42.8335,0,0,0
52.631,0,0,0
51.0254,0,0,0
3.96529,0,0,0
37.7923,0,0,0
29.1004,0,0,0
53.1386,0,0,0
8.65624,0,0,0
47.8853,0,0,0
56.3753,0,0,0
55.2701,0,0,0
23.4451,0,0,0
50.0697,0,0,0
8.12551,0,0,0
7.00761,0,0,0
8.93577,0,0,0
56.0817,0,0,0
49.8778,0,0,0
53.2877,0,0,0
56.3432,0,0,0
55.1971,0,0,0
53.9552,0,0,0
51.6251,0,0,0
55.859,0,0,0
55.3327,0,0,0
55.8516,0,0,0
54.2365,0,0,0
49.6918,0,0,0
14.3268,0,0,0
55.9395,0,0,0
12.5387,0,0,0
55.0082,0,0,0
52.9641,0,0,0
46.7047,0,0,0
15.7115,0,0,0
51.8616,0,0,0
54.0543,0,0,0
52.0598,0,0,0
56.7818,0,0,0
52.9283,0,0,0
54.048,0,0,0
50.1938,0,0,0
56.5021,0,0,0
53.3691,0,0,0
54.5131,0,0,0
54.3981,0,0,0
56.0262,0,0,0
43.2427,0,0,0
54.0906,0,0,0
55.3389,0,0,0
55.264,0,0,0
52.852,0,0,0
55.637,0,0,0
53.5494,0,0,0
54.9431,0,0,0
55.5783,0,0,0
55.2118,0,0,0
57.7492,0,0,0
55.5021,0,0,0
55.9612,0,0,0
53.9514,0,0,0
54.8863,0,0,0
56.0734,0,0,0
54.1528,0,0,0
49.0392,0,0,0
18.9605,0,0,0
54.9409,0,0,0
53.5827,0,0,0
56.2726,0,0,0
52.3185,0,0,0
55.6207,0,0,0
20.6408,0,0,0
57.0771,0,0,0
54.7963,0,0,0
43.2444,0,0,0
54.3496,0,0,0
53.8992,0,0,0
55.6824,0,0,0
55.0804,0,0,0
22.6305,0,0,0
37.8255,0,0,0
55.1403,0,0,0
53.623,0,0,0
46.7145,0,0,0
17.5297,0,0,0
6.98515,0,0,0
53.7486,0,0,0
18.1944,0,0,0
22.8638,0,0,0
54.9903,0,0,0
55.8961,0,0,0
50.5872,0,0,0
52.6649,0,0,0
29.2856,0,0,0
53.27,0,0,0
54.905,0,0,0
52.823,0,0,0
55.5698,0,0,0
53.3103,0,0,0
54.0607,0,0,0
16.8463,0,0,0
50.4019,0,0,0
18.894,0,0,0
52.9089,0,0,0
18.3644,0,0,0
50.1653,0,0,0
51.35,0,0,0
54.0289,0,0,0
37.1054,0,0,0
54.5959,0,0,0
54.3773,0,0,0
56.4483,0,0,0
53.0274,0,0,0
9.58059,0,0,0
56.2313,0,0,0
55.1693,0,0,0
55.5221,0,0,0
51.4536,0,0,0
15.6378,0,0,0
53.9678,0,0,0
53.4634,0,0,0
54.6965,0,0,0
18.19,0,0,0
55.8151,0,0,0
56.1416,0,0,0
5.05561,0,0,0
51.6308,0,0,0
5.2855,0,0,0
0.460751,0,0,0
52.0716,0,0,0
14.2024,0,0,0
54.5649,0,0,0
17.2781,0,0,0
14.1993,0,0,0
8.69709,0,0,0
54.2533,0,0,0
55.2352,0,0,0
53.8465,0,0,0
56.3036,0,0,0
26.3139,0,0,0
56.1907,0,0,0
56.2048,0,0,0
27.4622,0,0,0
55.3321,0,0,0
40.161,0,0,0
8.41431,0,0,0
52.1896,0,0,0
53.3721,0,0,0
1.07808,0,0,0
56.0608,0,0,0
53.0538,0,0,0
54.0002,0,0,0
39.4204,0,0,0
8.7704,0,0,0
52.2859,0,0,0
52.6011,0,0,0
53.4871,0,0,0
49.8843,0,0,0
50.7365,0,0,0
53.5309,0,0,0
55.2857,0,0,0
55.4902,0,0,0
54.2348,0,0,0
56.8728,0,0,0
50.7371,0,0,0
54.6969,0,0,0
53.3703,0,0,0
54.8701,0,0,0
54.522,0,0,0
51.8237,0,0,0
55.2554,0,0,0
22.7602,0,0,0
9.80939,0,0,0
55.8665,0,0,0
53.8035,0,0,0
54.7688,0,0,0
32.4351,0,0,0
55.6744,0,0,0
53.0104,0,0,0
50.6296,0,0,0
51.4478,0,0,0
56.2708,0,0,0
12.6601,0,0,0
54.4397,0,0,0
55.4517,0,0,0
55.8799,0,0,0
55.0637,0,0,0
55.0267,0,0,0
29.6092,0,0,0
12.3712,0,0,0
53.5413,0,0,0
53.6316,0,0,0
53.3172,0,0,0
52.827,0,0,0
45.1958,0,0,0
7.15598,0,0,0
53.5433,0,0,0
16.4708,0,0,0
55.9065,0,0,0
54.5815,0,0,0
52.7511,0,0,0
55.4155,0,0,0
54.583,0,0,0
11.7962,0,0,0
0.67325,0,0,0
54.7883,0,0,0
53.0609,0,0,0
17.4637,0,0,0
52.5979,0,0,0
55.0656,0,0,0
56.2521,0,0,0
54.9484,0,0,0
54.0195,0,0,0
52.7425,0,0,0
55.7483,0,0,0
18.5058,0,0,0
55.1013,0,0,0
10.9343,0,0,0
53.5025,0,0,0
50.5387,0,0,0
54.4796,0,0,0
53.8561,0,0,0
53.2957,0,0,0
16.1141,0,0,0
52.2422,0,0,0
47.7383,0,0,0
53.8692,0,0,0
54.7609,0,0,0
17.1882,0,0,0
55.2171,0,0,0
5.3832,0,0,0
27.0096,0,0,0
10.6433,0,0,0
17.4218,0,0,0
56.4262,0,0,0
44.203,0,0,0
54.8117,0,0,0
22.2833,0,0,0
52.623,0,0,0
55.7666,0,0,0
54.5432,0,0,0
19.3556,0,0,0
54.4507,0,0,0
49.5991,0,0,0
53.7104,0,0,0
50.1581,0,0,0
55.1633,0,0,0
53.2611,0,0,0
21.001,0,0,0
52.8624,0,0,0
52.1836,0,0,0
55.4712,0,0,0
57.3211,0,0,0
20.215,0,0,0
48.4303,0,0,0
54.6164,0,0,0
56.2788,0,0,0
53.2654,0,0,0
31.4201,0,0,0
51.5878,0,0,0
50.5486,0,0,0
53.2948,0,0,0
51.1376,0,0,0
57.0475,0,0,0
51.925,0,0,0
9.19496,0,0,0
53.0302,0,0,0
54.865,0,0,0
55.0895,0,0,0
53.5491,0,0,0
41.5339,0,0,0
52.7516,0,0,0
55.6318,0,0,0
53.5337,0,0,0
54.6336,0,0,0
55.1076,0,0,0
53.7675,0,0,0
54.6395,0,0,0
21.365,0,0,0
52.9002,0,0,0
53.4337,0,0,0
54.5231,0,0,0
54.0265,0,0,0
56.7778,0,0,0
56.3963,0,0,0
50.5809,0,0,0
53.0438,0,0,0
52.3126,0,0,0
54.8171,0,0,0
46.6653,0,0,0
11.4621,0,0,0
55.3541,0,0,0
52.0641,0,0,0
54.6748,0,0,0
45.5035,0,0,0
31.5095,0,0,0
56.3245,0,0,0
54.4191,0,0,0
54.1608,0,0,0
51.8279,0,0,0
55.6319,0,0,0
56.4303,0,0,0
53.0691,0,0,0
4.92805,0,0,0
54.2244,0,0,0
53.4418,0,0,0
52.798,0,0,0
21.8892,0,0,0
55.151,0,0,0
53.8945,0,0,0
54.0501,0,0,0
55.7736,0,0,0
55.7108,0,0,0
54.5591,0,0,0
51.0582,0,0,0
50.1041,0,0,0
55.5872,0,0,0
48.0989,0,0,0
55.2132,0,0,0
46.987,0,0,0
53.5971,0,0,0
53.7992,0,0,0
10.3455,0,0,0
56.1176,0,0,0
54.3968,0,0,0
55.8761,0,0,0
56.1895,0,0,0
50.0231,0,0,0
54.243,0,0,0
51.8772,0,0,0
53.9316,0,0,0
55.1939,0,0,0
56.3938,0,0,0
21.9433,0,0,0
5.86714,0,0,0
55.7504,0,0,0
51.5203,0,0,0
54.5774,0,0,0
55.3382,0,0,0
49.2486,0,0,0
52.4443,0,0,0
52.485,0,0,0
52.3713,0,0,0
55.2224,0,0,0
6.94193,0,0,0
54.0144,0,0,0
57.6331,0,0,0
54.2414,0,0,0
50.6468,0,0,0
55.9105,0,0,0
20.1355,0,0,0
55.2222,0,0,0
55.1497,0,0,0
52.6806,0,0,0
51.1935,0,0,0
45.4163,0,0,0
57.833,0,0,0
49.3531,0,0,0
56.6738,0,0,0
52.4402,0,0,0
54.0677,0,0,0
55.6437,0,0,0
54.7608,0,0,0
9.12678,0,0,0
46.3359,0,0,0
3.73548,0,0,0
20.2777,0,0,0
53.1107,0,0,0
53.9744,0,0,0
53.9786,0,0,0
52.1224,0,0,0
54.1555,0,0,0
56.9983,0,0,0
53.7158,0,0,0
55.5836,0,0,0
53.3315,0,0,0
56.1025,0,0,0
52.5018,0,0,0
52.7174,0,0,0
55.349,0,0,0
54.4828,0,0,0
27.0081,0,0,0
54.5955,0,0,0
54.3391,0,0,0
53.4841,0,0,0
53.3855,0,0,0
53.5438,0,0,0
52.2705,0,0,0
54.4906,0,0,0
53.3578,0,0,0
15.2808,0,0,0
52.4378,0,0,0
56.0922,0,0,0
54.8562,0,0,0
30.5954,0,0,0
54.2681,0,0,0
8.47478,0,0,0
47.786,0,0,0
51.7425,0,0,0
55.5952,0,0,0
53.4381,0,0,0
28.7308,0,0,0
18.107,0,0,0
55.597,0,0,0
53.5849,0,0,0
51.5781,0,0,0
56.0337,0,0,0
33.2966,0,0,0
53.0118,0,0,0
50.1943,0,0,0
47.9394,0,0,0
52.0828,0,0,0
55.2874,0,0,0
51.2444,0,0,0
54.843,0,0,0
55.3204,0,0,0
53.9333,0,0,0
14.6903,0,0,0
1.24345,0,0,0
53.8741,0,0,0
53.8731,0,0,0
57.6689,0,0,0
36.9885,0,0,0
56.1511,0,0,0
52.5323,0,0,0
54.2355,0,0,0
8.24891,0,0,0
56.754,0,0,0
51.4629,0,0,0
53.068,0,0,0
56.8541,0,0,0
54.1714,0,0,0
54.7764,0,0,0
11.429,0,0,0
43.9568,0,0,0
56.7478,0,0,0
51.761,0,0,0
51.9203,0,0,0
51.9025,0,0,0
55.5716,0,0,0
2.71442,0,0,0
14.9072,0,0,0
55.2529,0,0,0
55.2281,0,0,0
10.3811,0,0,0
14.7105,0,0,0
56.7375,0,0,0
5.59194,0,0,0
49.9416,0,0,0
53.7142,0,0,0
28.3529,0,0,0
22.7202,0,0,0
55.1791,0,0,0
56.0012,0,0,0
11.8073,0,0,0
54.359,0,0,0
54.4006,0,0,0
47.4314,0,0,0
54.4108,0,0,0
55.0403,0,0,0
56.0322,0,0,0
15.3755,0,0,0
35.1829,0,0,0
14.6752,0,0,0
54.8107,0,0,0
49.8234,0,0,0
52.4185,0,0,0
52.6765,0,0,0
54.4904,0,0,0
55.5207,0,0,0
55.9631,0,0,0
36.4799,0,0,0
50.126,0,0,0
54.3079,0,0,0
54.1608,0,0,0
50.4041,0,0,0
8.25708,0,0,0
54.3358,0,0,0
7.20676,0,0,0
55.302,0,0,0
53.5216,0,0,0
53.9324,0,0,0
54.6136,0,0,0
54.1496,0,0,0
14.7951,0,0,0
54.2558,0,0,0
56.1325,0,0,0
53.8149,0,0,0
53.246,0,0,0
52.3273,0,0,0
52.4211,0,0,0
38.9146,0,0,0
53.5,0,0,0
51.8137,0,0,0
8.16316,0,0,0
50.4673,0,0,0
50.6442,0,0,0
53.3433,0,0,0
53.0564,0,0,0
47.8867,0,0,0
55.3974,0,0,0
55.7329,0,0,0
53.6876,0,0,0
51.9017,0,0,0
56.4783,0,0,0
18.712,0,0,0
51.9615,0,0,0
4.51784,0,0,0
53.2974,0,0,0
23.7576,0,0,0
54.6839,0,0,0
21.6311,0,0,0
53.2708,0,0,0
56.6694,0,0,0
48.782,0,0,0
33.2692,0,0,0
52.2567,0,0,0
55.401,0,0,0
52.8032,0,0,0
56.7883,0,0,0
2.10873,0,0,0
55.4278,0,0,0
46.2323,0,0,0
51.6255,0,0,0
48.0104,0,0,0
55.5542,0,0,0
56.8254,0,0,0
3.15183,0,0,0
49.835,0,0,0
53.8652,0,0,0
55.1736,0,0,0
20.6261,0,0,0
53.8837,0,0,0
55.2813,0,0,0
56.3085,0,0,0
53.9206,0,0,0
55.809,0,0,0
53.0969,0,0,0
56.3482,0,0,0
51.5639,0,0,0
52.3394,0,0,0
21.5022,0,0,0
48.8754,0,0,0
50.0956,0,0,0
52.1457,0,0,0
44.3035,0,0,0
53.0212,0,0,0
51.3271,0,0,0
49.6892,0,0,0
56.6446,0,0,0
29.3415,0,0,0
53.9456,0,0,0
55.0689,0,0,0
55.0406,0,0,0
51.1039,0,0,0
21.1592,0,0,0
55.0439,0,0,0
54.6499,0,0,0
49.1688,0,0,0
40.4125,0,0,0
51.6391,0,0,0
52.6431,0,0,0
53.0803,0,0,0
51.8578,0,0,0
1.56581,0,0,0
54.3517,0,0,0
53.8384,0,0,0
29.0352,0,0,0
50.6832,0,0,0
18.7963,0,0,0
13.4211,0,0,0
53.2846,0,0,0
8.71631,0,0,0
50.5517,0,0,0
54.0266,0,0,0
53.7667,0,0,0
17.7135,0,0,0
55.5899,0,0,0
51.8003,0,0,0
51.7735,0,0,0
53.2685,0,0,0
13.8619,0,0,0
56.085,0,0,0
52.5554,0,0,0
53.5027,0,0,0
1.6775,0,0,0
17.6784,0,0,0
56.06,0,0,0
53.9725,0,0,0
55.2748,0,0,0
51.7812,0,0,0
54.6375,0,0,0
42.8371,0,0,0
54.4237,0,0,0
55.6851,0,0,0
55.3302,0,0,0
51.1181,0,0,0
4.27026,0,0,0
51.3024,0,0,0
36.7661,0,0,0
46.6811,0,0,0
52.5531,0,0,0
15.3708,0,0,0
53.5976,0,0,0
55.1182,0,0,0
48.655,0,0,0
21.116,0,0,0
49.4578,0,0,0
16.9474,0,0,0
53.5144,0,0,0
51.3302,0,0,0
53.2508,0,0,0
55.9196,0,0,0
55.3962,0,0,0
7.77493,0,0,0
54.0888,0,0,0
53.3614,0,0,0
56.2946,0,0,0
54.4347,0,0,0
50.4531,0,0,0
48.6225,0,0,0
32.8748,0,0,0
50.5408,0,0,0
4.55622,0,0,0
51.6607,0,0,0
3.16334,0,0,0
56.5558,0,0,0
31.0621,0,0,0
47.3862,0,0,0
55.2747,0,0,0
53.6398,0,0,0
51.8534,0,0,0
0.65365,0,0,0
54.091,0,0,0
55.2779,0,0,0
52.7696,0,0,0
56.595,0,0,0
55.9649,0,0,0
54.303,0,0,0
56.8075,0,0,0
54.9531,0,0,0
5.93086,0,0,0
51.5571,0,0,0
39.5292,0,0,0
53.3218,0,0,0
26.7707,0,0,0
18.5025,0,0,0
26.9343,0,0,0
52.2843,0,0,0
53.7266,0,0,0
50.3557,0,0,0
54.5084,0,0,0
56.1893,0,0,0
21.0999,0,0,0
20.3489,0,0,0
50.4117,0,0,0
54.4477,0,0,0
54.2757,0,0,0
50.994,0,0,0
52.5391,0,0,0
41.1847,0,0,0
56.2868,0,0,0
6.13076,0,0,0
49.7635,0,0,0
54.4473,0,0,0
52.9796,0,0,0
50.8702,0,0,0
55.982,0,0,0
56.8115,0,0,0
52.9151,0,0,0
52.7054,0,0,0
11.0396,0,0,0
54.5978,0,0,0
53.6331,0,0,0
54.5153,0,0,0
11.7199,0,0,0
54.7032,0,0,0
54.6702,0,0,0
54.4974,0,0,0
22.8263,0,0,0
3.66954,0,0,0
56.9671,0,0,0
55.8756,0,0,0
53.2117,0,0,0
2.18615,0,0,0
30.0784,0,0,0
32.5494,0,0,0
55.5792,0,0,0
24.4018,0,0,0
53.882,0,0,0
53.6853,0,0,0
13.6418,0,0,0
6.16741,0,0,0
53.0512,0,0,0
52.924,0,0,0
55.5905,0,0,0
51.2404,0,0,0
37.8969,0,0,0
55.894,0,0,0
52.9634,0,0,0
56.0129,0,0,0
53.32,0,0,0
49.2213,0,0,0
53.3636,0,0,0
53.0652,0,0,0
55.8356,0,0,0
54.8284,0,0,0
55.3018,0,0,0
24.9437,0,0,0
54.3203,0,0,0
47.135,0,0,0
51.4438,0,0,0
53.6967,0,0,0
54.8197,0,0,0
51.1041,0,0,0
10.3669,0,0,0
54.9589,0,0,0
52.6628,0,0,0
53.9482,0,0,0
55.7783,0,0,0
55.7807,0,0,0
56.2963,0,0,0
52.0904,0,0,0
52.1112,0,0,0
34.8621,0,0,0
55.5505,0,0,0
54.7684,0,0,0
52.9859,0,0,0
53.2926,0,0,0
26.2149,0,0,0
53.554,0,0,0
51.1335,0,0,0
16.4611,0,0,0
52.9464,0,0,0
55.0864,0,0,0
55.4422,0,0,0
52.4427,0,0,0
52.2807,0,0,0
55.0654,0,0,0
51.0124,0,0,0
47.9042,0,0,0
23.2766,0,0,0
15.9396,0,0,0
23.9967,0,0,0
19.4656,0,0,0
44.3909,0,0,0
23.205,0,0,0
55.7239,0,0,0
54.8834,0,0,0
48.8093,0,0,0
52.6602,0,0,0
17.7673,0,0,0
54.435,0,0,0
51.7291,0,0,0
23.5541,0,0,0
50.3628,0,0,0
28.5153,0,0,0
9.94188,0,0,0
54.0252,0,0,0
1.50026,0,0,0
55.5255,0,0,0
55.0837,0,0,0
17.2393,0,0,0
55.8528,0,0,0
56.5663,0,0,0
9.84682,0,0,0
1.03704,0,0,0
52.5385,0,0,0
2.30481,0,0,0
55.9464,0,0,0
52.2578,0,0,0
48.6672,0,0,0
54.1971,0,0,0
54.3742,0,0,0
55.5101,0,0,0
54.6119,0,0,0
56.4829,0,0,0
54.9151,0,0,0
55.734,0,0,0
10.1314,0,0,0
23.8762,0,0,0
54.2914,0,0,0
52.5813,0,0,0
51.8259,0,0,0
17.1142,0,0,0
18.6642,0,0,0
0.560014,0,0,0
19.1058,0,0,0
54.6679,0,0,0
53.2816,0,0,0
52.6212,0,0,0
29.5145,0,0,0
56.487,0,0,0
56.2601,0,0,0
49.8004,0,0,0
55.5676,0,0,0
50.985,0,0,0
53.7872,0,0,0
55.8466,0,0,0
55.7435,0,0,0
54.1329,0,0,0
41.637,0,0,0
52.0993,0,0,0
53.6538,0,0,0
52.8677,0,0,0
54.6988,0,0,0
51.0718,0,0,0
12.6964,0,0,0
55.784,0,0,0
31.498,0,0,0
53.1129,0,0,0
53.5321,0,0,0
55.5335,0,0,0
55.1037,0,0,0
41.0796,0,0,0
54.9539,0,0,0
54.2507,0,0,0
54.909,0,0,0
55.7555,0,0,0
48.8587,0,0,0
52.9431,0,0,0
53.7086,0,0,0
55.4052,0,0,0
52.1485,0,0,0
53.0784,0,0,0
16.4421,0,0,0
52.5427,0,0,0
53.8323,0,0,0
51.4527,0,0,0
55.2034,0,0,0
52.0807,0,0,0
3.20263,0,0,0
27.3852,0,0,0
45.8511,0,0,0
54.5597,0,0,0
52.809,0,0,0
54.2484,0,0,0
42.8752,0,0,0
52.2775,0,0,0
22.9221,0,0,0
45.6458,0,0,0
54.7143,0,0,0
57.2092,0,0,0
54.5939,0,0,0
54.4941,0,0,0
55.1781,0,0,0
54.525,0,0,0
52.0544,0,0,0
10.3883,0,0,0
52.114,0,0,0
51.5573,0,0,0
52.5897,0,0,0
34.471,0,0,0
57.3007,0,0,0
54.0996,0,0,0
54.3983,0,0,0
55.9248,0,0,0
48.823,0,0,0
53.0032,0,0,0
52.2615,0,0,0
48.9651,0,0,0
18.8032,0,0,0
54.0906,0,0,0
47.1185,0,0,0
51.3938,0,0,0
30.6069,0,0,0
55.0831,0,0,0
53.9606,0,0,0
55.2289,0,0,0
53.5075,0,0,0
50.6107,0,0,0
54.4206,0,0,0
53.4667,0,0,0
53.029,0,0,0
51.7368,0,0,0
54.2484,0,0,0
52.2098,0,0,0
54.5116,0,0,0
49.7082,0,0,0
1.20674,0,0,0
52.2891,0,0,0
54.456,0,0,0
54.4249,0,0,0
55.0623,0,0,0
55.9675,0,0,0
53.8574,0,0,0
13.5195,0,0,0
42.1314,0,0,0
55.3792,0,0,0
44.6985,0,0,0
56.653,0,0,0
15.9509,0,0,0
52.9251,0,0,0
55.6273,0,0,0
53.6912,0,0,0
48.9882,0,0,0
7.52987,0,0,0
14.7321,0,0,0
55.1487,0,0,0
55.75,0,0,0
54.559,0,0,0
51.9606,0,0,0
55.2067,0,0,0
53.1024,0,0,0
53.5651,0,0,0
55.2943,0,0,0
54.3314,0,0,0
55.4184,0,0,0
56.2352,0,0,0
0.861908,0,0,0
55.3582,0,0,0
55.6224,0,0,0
55.9108,0,0,0
20.0735,0,0,0
30.9663,0,0,0
53.1438,0,0,0
50.2064,0,0,0
53.7827,0,0,0
54.5042,0,0,0
55.5529,0,0,0
53.9244,0,0,0
27.6685,0,0,0
24.9808,0,0,0
54.4963,0,0,0
54.7504,0,0,0
55.4887,0,0,0
55.8481,0,0,0
52.4207,0,0,0
26.3204,0,0,0
53.0733,0,0,0
53.2277,0,0,0
49.5844,0,0,0
54.459,0,0,0
54.3543,0,0,0
54.6717,0,0,0
53.2864,0,0,0
17.2942,0,0,0
53.1946,0,0,0
55.1091,0,0,0
53.806,0,0,0
50.4201,0,0,0
55.1758,0,0,0
54.6745,0,0,0
26.9921,0,0,0
53.0565,0,0,0
3.6454,0,0,0
53.5868,0,0,0
55.6196,0,0,0
53.6989,0,0,0
53.0437,0,0,0
54.2405,0,0,0
50.8931,0,0,0
53.7667,0,0,0
55.6085,0,0,0
52.3051,0,0,0
55.3167,0,0,0
46.9552,0,0,0
21.5642,0,0,0
53.6814,0,0,0
54.4026,0,0,0
54.7223,0,0,0
53.0631,0,0,0
53.3213,0,0,0
55.7018,0,0,0
53.7653,0,0,0
54.5626,0,0,0
54.5007,0,0,0
15.9059,0,0,0
56.3079,0,0,0
50.8905,0,0,0
51.8213,0,0,0
54.1749,0,0,0
53.4147,0,0,0
51.9202,0,0,0
54.7776,0,0,0
54.8897,0,0,0
13.2935,0,0,0
52.9323,0,0,0
54.1322,0,0,0
42.0708,0,0,0
55.9776,0,0,0
43.7587,0,0,0
54.0847,0,0,0
55.3862,0,0,0
34.4303,0,0,0
54.617,0,0,0
55.772,0,0,0
22.5261,0,0,0
54.4003,0,0,0
55.593,0,0,0
55.3349,0,0,0
51.7262,0,0,0
5.48058,0,0,0
54.963,0,0,0
52.5498,0,0,0
34.1055,0,0,0
54.2673,0,0,0
55.0573,0,0,0
48.9136,0,0,0
36.1551,0,0,0
55.337,0,0,0
48.4945,0,0,0
10.2645,0,0,0
51.0764,0,0,0
56.5287,0,0,0
51.1855,0,0,0
55.9726,0,0,0
52.6908,0,0,0
29.0973,0,0,0
53.849,0,0,0
53.0995,0,0,0
55.5178,0,0,0
55.474,0,0,0
0.53332,0,0,0
54.7884,0,0,0
39.0964,0,0,0
55.9434,0,0,0
54.7346,0,0,0
56.262,0,0,0
51.6319,0,0,0
53.7961,0,0,0
53.6893,0,0,0
55.3217,0,0,0
19.2222,0,0,0
24.5961,0,0,0
51.531,0,0,0
51.0107,0,0,0
6.58117,0,0,0
21.0583,0,0,0
54.129,0,0,0
55.0959,0,0,0
56.5469,0,0,0
55.9529,0,0,0
52.3102,0,0,0
53.8453,0,0,0
31.3679,0,0,0
51.6692,0,0,0
50.0903,0,0,0
54.5533,0,0,0
42.1732,0,0,0
3.64257,0,0,0
53.9711,0,0,0
55.9491,0,0,0
49.8426,0,0,0
54.2573,0,0,0
55.2908,0,0,0
53.611,0,0,0
55.9146,0,0,0
54.0751,0,0,0
50.8923,0,0,0
49.459,0,0,0
53.6105,0,0,0
15.1879,0,0,0
54.4113,0,0,0
53.1859,0,0,0
45.0893,0,0,0
3.86311,0,0,0
51.7726,0,0,0
54.6054,0,0,0
55.6442,0,0,0
47.1013,0,0,0
34.6514,0,0,0
49.6661,0,0,0
55.4328,0,0,0
52.1988,0,0,0
54.1072,0,0,0
55.6302,0,0,0
50.9733,0,0,0
56.2157,0,0,0
54.9392,0,0,0
13.5006,0,0,0
27.112,0,0,0
9.56863,0,0,0
51.5685,0,0,0
51.1008,0,0,0
54.9095,0,0,0
51.7758,0,0,0
16.1272,0,0,0
42.1286,0,0,0
53.7958,0,0,0
49.059,0,0,0
49.3844,0,0,0
55.9325,0,0,0
53.4225,0,0,0
19.3027,0,0,0
57.7563,0,0,0
55.7737,0,0,0
53.8804,0,0,0
51.6478,0,0,0
56.0875,0,0,0
55.5248,0,0,0
35.7084,0,0,0
54.179,0,0,0
55.904,0,0,0
55.461,0,0,0
13.8215,0,0,0
51.9799,0,0,0
55.7946,0,0,0
53.6166,0,0,0
52.4007,0,0,0
54.882,0,0,0
57.2126,0,0,0
55.7003,0,0,0
53.8559,0,0,0
52.8734,0,0,0
54.49,0,0,0
53.1222,0,0,0
55.5503,0,0,0
47.7613,0,0,0
52.873,0,0,0
52.6728,0,0,0
52.8675,0,0,0
54.8785,0,0,0
51.6805,0,0,0
55.63,0,0,0
54.2671,0,0,0
53.8257,0,0,0
50.4426,0,0,0
54.6882,0,0,0
51.9571,0,0,0
54.0914,0,0,0
51.3465,0,0,0
36.9336,0,0,0
53.9377,0,0,0
52.4416,0,0,0
50.1916,0,0,0
53.7986,0,0,0
7.06022,0,0,0
54.824,0,0,0
54.6639,0,0,0
56.9726,0,0,0
55.1398,0,0,0
55.7869,0,0,0
33.5204,0,0,0
48.1251,0,0,0
13.5289,0,0,0
44.0638,0,0,0
11.2889,0,0,0
51.6352,0,0,0
55.1219,0,0,0
50.3862,0,0,0
54.6338,0,0,0
56.7962,0,0,0
51.2857,0,0,0
53.6632,0,0,0
53.7319,0,0,0
48.0959,0,0,0
54.2494,0,0,0
51.3561,0,0,0
54.9811,0,0,0
54.7695,0,0,0
10.8412,0,0,0
54.8942,0,0,0
54.3987,0,0,0
53.1865,0,0,0
56.5381,0,0,0
54.4581,0,0,0
54.2179,0,0,0
24.2876,0,0,0
54.8564,0,0,0
54.678,0,0,0
52.71,0,0,0
55.4005,0,0,0
56.2681,0,0,0
53.7046,0,0,0
48.2397,0,0,0
20.977,0,0,0
16.9789,0,0,0
4.62676,0,0,0
55.4232,0,0,0
55.183,0,0,0
54.4151,0,0,0
54.7717,0,0,0
55.1197,0,0,0
49.9187,0,0,0
55.6771,0,0,0
54.5251,0,0,0
54.3114,0,0,0
53.0682,0,0,0
53.1655,0,0,0
53.5744,0,0,0
54.1927,0,0,0
53.4041,0,0,0
55.703,0,0,0
54.9021,0,0,0
50.6409,0,0,0
1.86058,0,0,0
54.5123,0,0,0
54.755,0,0,0
52.9849,0,0,0
46.9224,0,0,0
53.5208,0,0,0
54.5364,0,0,0
11.7066,0,0,0
15.2298,0,0,0
44.2068,0,0,0
53.9588,0,0,0
53.0758,0,0,0
52.8618,0,0,0
20.2002,0,0,0
51.1851,0,0,0
53.3978,0,0,0
38.4414,0,0,0
49.9352,0,0,0
22.4616,0,0,0
22.0186,0,0,0
54.359,0,0,0
24.201,0,0,0
54.0834,0,0,0
53.9269,0,0,0
55.4759,0,0,0
40.9923,0,0,0
54.5032,0,0,0
18.5522,0,0,0
48.0266,0,0,0
50.6443,0,0,0
53.0954,0,0,0
55.6971,0,0,0
51.0127,0,0,0
56.7679,0,0,0
49.254,0,0,0
51.5754,0,0,0
54.8446,0,0,0
14.7681,0,0,0
50.9019,0,0,0
55.6507,0,0,0
54.4825,0,0,0
56.4216,0,0,0
55.8196,0,0,0
47.5292,0,0,0
51.4463,0,0,0
1.26089,0,0,0
55.259,0,0,0
32.7289,0,0,0
51.2909,0,0,0
54.6054,0,0,0
53.6392,0,0,0
54.0641,0,0,0
53.5586,0,0,0
13.4248,0,0,0
54.3459,0,0,0
11.0261,0,0,0
52.3103,0,0,0
53.8449,0,0,0
19.1389,0,0,0
38.8423,0,0,0
53.0469,0,0,0
15.5698,0,0,0
4.79577,0,0,0
10.9387,0,0,0
19.2111,0,0,0
56.2651,0,0,0
55.4862,0,0,0
52.0093,0,0,0
56.878,0,0,0
