EnergyDepositedInSi, SourceZ, SiAngleOffAxis, AbsorberThickness
60,0,0,0
4.77084,0,0,0
1.45393,0,0,0
60,0,0,0
6.22464,0,0,0
3.87302,0,0,0
0.341969,0,0,0
60,0,0,0
10.7335,0,0,0
60,0,0,0
60,0,0,0
9.82141,0,0,0
3.77317,0,0,0
60,0,0,0
6.90216,0,0,0
6.2905,0,0,0
60,0,0,0
60,0,0,0
10.0148,0,0,0
8.40939,0,0,0
11.4105,0,0,0
4.77517,0,0,0
60,0,0,0
10.8507,0,0,0
60,0,0,0
60,0,0,0
1.26629,0,0,0
60,0,0,0
10.9066,0,0,0
10.0017,0,0,0
6.80257,0,0,0
60,0,0,0
60,0,0,0
60,0,0,0
9.23791,0,0,0
6.14985,0,0,0
60,0,0,0
60,0,0,0
3.65906,0,0,0
11.3736,0,0,0
60,0,0,0
3.17937,0,0,0
60,0,0,0
9.68088,0,0,0
60,0,0,0
60,0,0,0
10.9052,0,0,0
9.24607,0,0,0
60,0,0,0
5.33924,0,0,0
2.69193,0,0,0
60,0,0,0
5.47036,0,0,0
10.1221,0,0,0
5.05686,0,0,0
0.231459,0,0,0
0.659032,0,0,0
9.09599,0,0,0
10.336,0,0,0
2.20228,0,0,0
7.75829,0,0,0
60,0,0,0
60,0,0,0
2.12928,0,0,0
10.3861,0,0,0
13.9019,0,0,0
6.51925,0,0,0
60,0,0,0
0.117568,0,0,0
60,0,0,0
60,0,0,0
60,0,0,0
60,0,0,0
60,0,0,0
8.68824,0,0,0
4.24203,0,0,0
60,0,0,0
60,0,0,0
20.5876,0,0,0
60,0,0,0
10.0678,0,0,0
13.6563,0,0,0
60,0,0,0
9.9665,0,0,0
60,0,0,0
10.4404,0,0,0
3.28388,0,0,0
60,0,0,0
60,0,0,0
60,0,0,0
9.5958,0,0,0
11.2123,0,0,0
60,0,0,0
10.0345,0,0,0
60,0,0,0
60,0,0,0
9.14878,0,0,0
60,0,0,0
60,0,0,0
5.54082,0,0,0
13.9023,0,0,0
6.10137,0,0,0
6.01901,0,0,0
8.89271,0,0,0
60,0,0,0
6.56341,0,0,0
11.2684,0,0,0
5.16299,0,0,0
60,0,0,0
4.76368,0,0,0
3.34412,0,0,0
10.892,0,0,0
2.31049,0,0,0
6.50997,0,0,0
60,0,0,0
2.55679,0,0,0
60,0,0,0
1.1723,0,0,0
0.784065,0,0,0
10.4186,0,0,0
60,0,0,0
60,0,0,0
0.49309,0,0,0
20.9568,0,0,0
1.99428,0,0,0
60,0,0,0
60,0,0,0
60,0,0,0
2.96275,0,0,0
9.78669,0,0,0
5.24967,0,0,0
7.01143,0,0,0
60,0,0,0
10.0854,0,0,0
11.2592,0,0,0
1.23988,0,0,0
60,0,0,0
0.557373,0,0,0
9.69908,0,0,0
1.20288,0,0,0
1.6263,0,0,0
2.88999,0,0,0
60,0,0,0
60,0,0,0
60,0,0,0
10.5496,0,0,0
3.47407,0,0,0
60,0,0,0
60,0,0,0
9.45222,0,0,0
60,0,0,0
0.962085,0,0,0
60,0,0,0
60,0,0,0
10.9405,0,0,0
60,0,0,0
10.6676,0,0,0
9.957,0,0,0
11.2959,0,0,0
60,0,0,0
60,0,0,0
60,0,0,0
0.387801,0,0,0
60,0,0,0
0.571718,0,0,0
60,0,0,0
60,0,0,0
60,0,0,0
8.68357,0,0,0
10.9124,0,0,0
10.0577,0,0,0
60,0,0,0
1.85302,0,0,0
4.64248,0,0,0
60,0,0,0
60,0,0,0
3.91741,0,0,0
3.10953,0,0,0
60,0,0,0
0.836732,0,0,0
60,0,0,0
0.67602,0,0,0
10.0579,0,0,0
60,0,0,0
9.4726,0,0,0
8.63664,0,0,0
60,0,0,0
60,0,0,0
60,0,0,0
0.666499,0,0,0
10.6072,0,0,0
0.941696,0,0,0
11.2618,0,0,0
60,0,0,0
60,0,0,0
2.23278,0,0,0
60,0,0,0
60,0,0,0
60,0,0,0
60,0,0,0
60,0,0,0
60,0,0,0
6.56412,0,0,0
37.561,0,0,0
5.50665,0,0,0
60,0,0,0
1.01046,0,0,0
6.01023,0,0,0
60,0,0,0
2.47754,0,0,0
60,0,0,0
60,0,0,0
60,0,0,0
4.08065,0,0,0
1.79982,0,0,0
10.6521,0,0,0
60,0,0,0
7.1221,0,0,0
60,0,0,0
11.1419,0,0,0
11.1657,0,0,0
60,0,0,0
60,0,0,0
10.6012,0,0,0
3.58817,0,0,0
1.09645,0,0,0
60,0,0,0
60,0,0,0
2.51479,0,0,0
0.885864,0,0,0
0.106123,0,0,0
60,0,0,0
60,0,0,0
9.4083,0,0,0
3.50399,0,0,0
3.94166,0,0,0
60,0,0,0
0.386365,0,0,0
60,0,0,0
60,0,0,0
60,0,0,0
60,0,0,0
24.4446,0,0,0
60,0,0,0
0.357217,0,0,0
60,0,0,0
3.43682,0,0,0
3.17613,0,0,0
60,0,0,0
4.93645,0,0,0
60,0,0,0
2.6846,0,0,0
3.63911,0,0,0
3.89062,0,0,0
10.6846,0,0,0
60,0,0,0
7.77272,0,0,0
60,0,0,0
7.35904,0,0,0
0.543788,0,0,0
60,0,0,0
5.46709,0,0,0
0.43532,0,0,0
9.0697,0,0,0
60,0,0,0
60,0,0,0
10.3747,0,0,0
60,0,0,0
60,0,0,0
6.66622,0,0,0
60,0,0,0
60,0,0,0
60,0,0,0
5.61087,0,0,0
60,0,0,0
7.91632,0,0,0
0.328873,0,0,0
0.216066,0,0,0
0.74573,0,0,0
1.67915,0,0,0
9.63795,0,0,0
9.03215,0,0,0
60,0,0,0
0.936833,0,0,0
7.11754,0,0,0
7.39934,0,0,0
6.45569,0,0,0
60,0,0,0
1.12365,0,0,0
6.02394,0,0,0
60,0,0,0
9.09089,0,0,0
60,0,0,0
6.78501,0,0,0
11.2862,0,0,0
5.83692,0,0,0
60,0,0,0
2.70902,0,0,0
0.981993,0,0,0
0.657773,0,0,0
60,0,0,0
60,0,0,0
60,0,0,0
8.42375,0,0,0
10.539,0,0,0
60,0,0,0
60,0,0,0
60,0,0,0
0.570371,0,0,0
60,0,0,0
60,0,0,0
3.6482,0,0,0
60,0,0,0
8.97309,0,0,0
60,0,0,0
2.30947,0,0,0
4.59028,0,0,0
60,0,0,0
60,0,0,0
60,0,0,0
10.5464,0,0,0
10.6102,0,0,0
21.6162,0,0,0
60,0,0,0
0.124232,0,0,0
60,0,0,0
60,0,0,0
60,0,0,0
60,0,0,0
10.1824,0,0,0
60,0,0,0
6.86646,0,0,0
6.62711,0,0,0
3.95317,0,0,0
60,0,0,0
6.72655,0,0,0
6.12557,0,0,0
5.25342,0,0,0
3.42662,0,0,0
60,0,0,0
0.514439,0,0,0
6.01156,0,0,0
9.92119,0,0,0
0.529929,0,0,0
60,0,0,0
60,0,0,0
60,0,0,0
60,0,0,0
60,0,0,0
10.8628,0,0,0
10.0916,0,0,0
57.8155,0,0,0
60,0,0,0
2.17026,0,0,0
10.1413,0,0,0
8.65931,0,0,0
9.16535,0,0,0
9.51899,0,0,0
6.97105,0,0,0
60,0,0,0
2.21421,0,0,0
3.35277,0,0,0
4.27622,0,0,0
8.29199,0,0,0
60,0,0,0
60,0,0,0
1.84699,0,0,0
8.84578,0,0,0
60,0,0,0
60,0,0,0
10.3899,0,0,0
60,0,0,0
10.5747,0,0,0
60,0,0,0
60,0,0,0
60,0,0,0
60,0,0,0
60,0,0,0
60,0,0,0
1.38537,0,0,0
2.36485,0,0,0
60,0,0,0
2.43227,0,0,0
8.53077,0,0,0
60,0,0,0
11.3981,0,0,0
14.5175,0,0,0
60,0,0,0
60,0,0,0
4.11441,0,0,0
60,0,0,0
1.533,0,0,0
60,0,0,0
8.41145,0,0,0
60,0,0,0
9.7714,0,0,0
6.44311,0,0,0
10.8146,0,0,0
10.5206,0,0,0
2.07358,0,0,0
2.03619,0,0,0
1.77543,0,0,0
60,0,0,0
6.76749,0,0,0
60,0,0,0
11.1744,0,0,0
60,0,0,0
60,0,0,0
0.458895,0,0,0
2.3888,0,0,0
1.58317,0,0,0
4.16499,0,0,0
0.886451,0,0,0
10.662,0,0,0
6.32046,0,0,0
60,0,0,0
60,0,0,0
11.259,0,0,0
60,0,0,0
2.18278,0,0,0
60,0,0,0
60,0,0,0
8.57828,0,0,0
60,0,0,0
9.16261,0,0,0
60,0,0,0
60,0,0,0
1.03512,0,0,0
8.53292,0,0,0
60,0,0,0
1.18755,0,0,0
60,0,0,0
5.03514,0,0,0
3.69503,0,0,0
60,0,0,0
10.3525,0,0,0
4.27321,0,0,0
8.32659,0,0,0
2.98471,0,0,0
60,0,0,0
5.50041,0,0,0
60,0,0,0
60,0,0,0
0.326513,0,0,0
3.32676,0,0,0
60,0,0,0
60,0,0,0
5.78249,0,0,0
4.09566,0,0,0
60,0,0,0
60,0,0,0
8.96835,0,0,0
4.01309,0,0,0
1.15346,0,0,0
60,0,0,0
2.63272,0,0,0
60,0,0,0
11.3559,0,0,0
2.26563,0,0,0
60,0,0,0
8.17711,0,0,0
10.3489,0,0,0
4.02052,0,0,0
4.47955,0,0,0
11.0947,0,0,0
1.2905,0,0,0
8.46283,0,0,0
6.74173,0,0,0
1.01227,0,0,0
4.29099,0,0,0
9.43115,0,0,0
5.41353,0,0,0
60,0,0,0
60,0,0,0
60,0,0,0
10.4306,0,0,0
60,0,0,0
4.35755,0,0,0
10.4123,0,0,0
60,0,0,0
60,0,0,0
9.15248,0,0,0
60,0,0,0
3.49257,0,0,0
10.9264,0,0,0
10.6568,0,0,0
3.48629,0,0,0
60,0,0,0
2.9433,0,0,0
10.5277,0,0,0
60,0,0,0
10.6854,0,0,0
1.36505,0,0,0
60,0,0,0
1.08416,0,0,0
10.3769,0,0,0
4.30502,0,0,0
0.51585,0,0,0
60,0,0,0
60,0,0,0
60,0,0,0
3.17511,0,0,0
4.42313,0,0,0
10.7201,0,0,0
60,0,0,0
60,0,0,0
60,0,0,0
60,0,0,0
60,0,0,0
60,0,0,0
60,0,0,0
60,0,0,0
7.05792,0,0,0
60,0,0,0
2.0501,0,0,0
9.24028,0,0,0
1.94317,0,0,0
4.11945,0,0,0
60,0,0,0
60,0,0,0
8.65544,0,0,0
60,0,0,0
60,0,0,0
1.36045,0,0,0
60,0,0,0
7.73077,0,0,0
60,0,0,0
60,0,0,0
10.8727,0,0,0
1.92059,0,0,0
5.54886,0,0,0
60,0,0,0
60,0,0,0
60,0,0,0
0.255129,0,0,0
10.5903,0,0,0
0.566963,0,0,0
60,0,0,0
3.27536,0,0,0
60,0,0,0
60,0,0,0
5.07832,0,0,0
60,0,0,0
0.773464,0,0,0
60,0,0,0
60,0,0,0
0.495395,0,0,0
5.15085,0,0,0
3.69492,0,0,0
60,0,0,0
60,0,0,0
60,0,0,0
6.16964,0,0,0
60,0,0,0
60,0,0,0
60,0,0,0
2.46975,0,0,0
1.68193,0,0,0
60,0,0,0
60,0,0,0
0.18095,0,0,0
60,0,0,0
60,0,0,0
3.7851,0,0,0
9.63999,0,0,0
60,0,0,0
5.24479,0,0,0
8.01661,0,0,0
60,0,0,0
8.0081,0,0,0
60,0,0,0
60,0,0,0
6.54301,0,0,0
60,0,0,0
18.3899,0,0,0
7.83318,0,0,0
1.9277,0,0,0
60,0,0,0
60,0,0,0
60,0,0,0
10.4134,0,0,0
9.45233,0,0,0
10.4182,0,0,0
1.41425,0,0,0
8.94364,0,0,0
60,0,0,0
60,0,0,0
60,0,0,0
11.2331,0,0,0
60,0,0,0
1.8112,0,0,0
60,0,0,0
60,0,0,0
60,0,0,0
60,0,0,0
8.21458,0,0,0
60,0,0,0
11.2148,0,0,0
7.90988,0,0,0
60,0,0,0
60,0,0,0
60,0,0,0
5.53336,0,0,0
60,0,0,0
60,0,0,0
0.306359,0,0,0
60,0,0,0
60,0,0,0
8.87196,0,0,0
5.71461,0,0,0
60,0,0,0
2.01484,0,0,0
2.50524,0,0,0
1.00843,0,0,0
5.42329,0,0,0
6.07504,0,0,0
0.802244,0,0,0
6.39782,0,0,0
60,0,0,0
9.86334,0,0,0
60,0,0,0
60,0,0,0
60,0,0,0
7.74223,0,0,0
60,0,0,0
11.2348,0,0,0
60,0,0,0
0.306461,0,0,0
1.70203,0,0,0
1.87609,0,0,0
10.2257,0,0,0
5.94507,0,0,0
3.45324,0,0,0
60,0,0,0
11.3877,0,0,0
60,0,0,0
7.31181,0,0,0
10.3959,0,0,0
60,0,0,0
60,0,0,0
60,0,0,0
60,0,0,0
60,0,0,0
60,0,0,0
60,0,0,0
9.67308,0,0,0
0.486297,0,0,0
2.5906,0,0,0
2.66533,0,0,0
60,0,0,0
5.27545,0,0,0
3.4114,0,0,0
4.80698,0,0,0
0.624609,0,0,0
8.14886,0,0,0
60,0,0,0
7.29621,0,0,0
60,0,0,0
60,0,0,0
11.29,0,0,0
60,0,0,0
10.4154,0,0,0
4.06691,0,0,0
9.31526,0,0,0
0.713424,0,0,0
60,0,0,0
11.345,0,0,0
8.58417,0,0,0
60,0,0,0
60,0,0,0
8.06467,0,0,0
7.58228,0,0,0
60,0,0,0
2.1714,0,0,0
10.215,0,0,0
2.68648,0,0,0
6.43024,0,0,0
11.2306,0,0,0
5.3926,0,0,0
8.90778,0,0,0
5.25249,0,0,0
3.23182,0,0,0
7.07091,0,0,0
3.70696,0,0,0
2.24137,0,0,0
10.0859,0,0,0
1.49673,0,0,0
11.1599,0,0,0
9.57456,0,0,0
60,0,0,0
6.86342,0,0,0
11.1811,0,0,0
60,0,0,0
9.80421,0,0,0
60,0,0,0
60,0,0,0
60,0,0,0
60,0,0,0
9.12732,0,0,0
60,0,0,0
60,0,0,0
9.94945,0,0,0
60,0,0,0
10.0738,0,0,0
60,0,0,0
60,0,0,0
60,0,0,0
60,0,0,0
0.575582,0,0,0
60,0,0,0
2.7588,0,0,0
8.86852,0,0,0
60,0,0,0
60,0,0,0
11.1104,0,0,0
60,0,0,0
60,0,0,0
8.88958,0,0,0
3.77199,0,0,0
60,0,0,0
1.24005,0,0,0
2.07191,0,0,0
60,0,0,0
11.3965,0,0,0
60,0,0,0
1.97027,0,0,0
10.5192,0,0,0
10.6729,0,0,0
60,0,0,0
60,0,0,0
60,0,0,0
60,0,0,0
60,0,0,0
3.62982,0,0,0
60,0,0,0
60,0,0,0
7.10698,0,0,0
3.59169,0,0,0
7.83788,0,0,0
60,0,0,0
1.49792,0,0,0
60,0,0,0
6.48293,0,0,0
2.06131,0,0,0
60,0,0,0
11.0874,0,0,0
2.12375,0,0,0
5.34515,0,0,0
60,0,0,0
60,0,0,0
10.0698,0,0,0
60,0,0,0
1.32314,0,0,0
60,0,0,0
6.24816,0,0,0
10.3626,0,0,0
60,0,0,0
4.55685,0,0,0
60,0,0,0
8.19241,0,0,0
60,0,0,0
60,0,0,0
60,0,0,0
10.8185,0,0,0
60,0,0,0
60,0,0,0
1.60154,0,0,0
60,0,0,0
3.96274,0,0,0
10.7233,0,0,0
8.24506,0,0,0
60,0,0,0
9.75689,0,0,0
60,0,0,0
10.1823,0,0,0
60,0,0,0
3.87974,0,0,0
16.1875,0,0,0
60,0,0,0
60,0,0,0
60,0,0,0
60,0,0,0
60,0,0,0
5.61754,0,0,0
60,0,0,0
60,0,0,0
0.805956,0,0,0
1.29052,0,0,0
4.07141,0,0,0
60,0,0,0
60,0,0,0
60,0,0,0
60,0,0,0
7.09923,0,0,0
6.62803,0,0,0
6.92391,0,0,0
6.72885,0,0,0
60,0,0,0
5.78801,0,0,0
3.71682,0,0,0
60,0,0,0
4.35621,0,0,0
60,0,0,0
10.6786,0,0,0
1.61234,0,0,0
9.79258,0,0,0
60,0,0,0
3.02537,0,0,0
0.879753,0,0,0
2.23168,0,0,0
4.28517,0,0,0
60,0,0,0
1.09721,0,0,0
5.7376,0,0,0
3.6032,0,0,0
60,0,0,0
60,0,0,0
60,0,0,0
10.4051,0,0,0
60,0,0,0
60,0,0,0
5.36763,0,0,0
8.26716,0,0,0
1.95407,0,0,0
0.260384,0,0,0
10.0044,0,0,0
60,0,0,0
3.26444,0,0,0
60,0,0,0
9.12993,0,0,0
60,0,0,0
5.03654,0,0,0
8.64385,0,0,0
7.33273,0,0,0
3.45188,0,0,0
60,0,0,0
2.10518,0,0,0
8.15118,0,0,0
11.2952,0,0,0
1.74079,0,0,0
60,0,0,0
0.839723,0,0,0
4.51181,0,0,0
9.90051,0,0,0
10.1445,0,0,0
60,0,0,0
60,0,0,0
60,0,0,0
10.1021,0,0,0
8.16976,0,0,0
60,0,0,0
60,0,0,0
60,0,0,0
9.16699,0,0,0
60,0,0,0
60,0,0,0
60,0,0,0
10.2941,0,0,0
7.05088,0,0,0
10.2935,0,0,0
8.13244,0,0,0
9.65958,0,0,0
1.4357,0,0,0
4.53249,0,0,0
9.80307,0,0,0
60,0,0,0
2.23156,0,0,0
60,0,0,0
60,0,0,0
60,0,0,0
60,0,0,0
2.83267,0,0,0
4.81244,0,0,0
0.543221,0,0,0
11.2936,0,0,0
7.54352,0,0,0
11.3681,0,0,0
60,0,0,0
8.08656,0,0,0
3.05775,0,0,0
0.707841,0,0,0
60,0,0,0
4.93926,0,0,0
7.59206,0,0,0
1.51618,0,0,0
60,0,0,0
60,0,0,0
60,0,0,0
9.31887,0,0,0
60,0,0,0
6.99238,0,0,0
0.388775,0,0,0
9.85111,0,0,0
60,0,0,0
5.30295,0,0,0
7.67261,0,0,0
4.18498,0,0,0
3.61229,0,0,0
60,0,0,0
9.69436,0,0,0
0.403582,0,0,0
60,0,0,0
60,0,0,0
60,0,0,0
60,0,0,0
60,0,0,0
60,0,0,0
8.62843,0,0,0
0.806708,0,0,0
60,0,0,0
0.554737,0,0,0
10.0553,0,0,0
60,0,0,0
7.03046,0,0,0
3.33411,0,0,0
60,0,0,0
6.09603,0,0,0
11.2642,0,0,0
60,0,0,0
0.204349,0,0,0
60,0,0,0
4.54404,0,0,0
60,0,0,0
6.35045,0,0,0
14.9092,0,0,0
60,0,0,0
1.71691,0,0,0
0.994213,0,0,0
7.60028,0,0,0
60,0,0,0
60,0,0,0
0.824588,0,0,0
6.75336,0,0,0
60,0,0,0
60,0,0,0
4.84835,0,0,0
60,0,0,0
37.8852,0,0,0
0.669547,0,0,0
60,0,0,0
7.58025,0,0,0
60,0,0,0
0.779504,0,0,0
60,0,0,0
10.7292,0,0,0
60,0,0,0
10.0605,0,0,0
60,0,0,0
6.33971,0,0,0
1.16023,0,0,0
7.4091,0,0,0
3.84996,0,0,0
10.0376,0,0,0
60,0,0,0
8.51604,0,0,0
11.2964,0,0,0
60,0,0,0
11.3832,0,0,0
2.08864,0,0,0
2.61261,0,0,0
60,0,0,0
8.14508,0,0,0
2.08299,0,0,0
60,0,0,0
0.576171,0,0,0
60,0,0,0
0.523888,0,0,0
11.0205,0,0,0
60,0,0,0
3.91951,0,0,0
4.5739,0,0,0
60,0,0,0
60,0,0,0
60,0,0,0
11.4065,0,0,0
60,0,0,0
60,0,0,0
60,0,0,0
60,0,0,0
60,0,0,0
60,0,0,0
60,0,0,0
1.44634,0,0,0
8.62943,0,0,0
0.426758,0,0,0
16.2557,0,0,0
1.06409,0,0,0
7.76813,0,0,0
60,0,0,0
9.61205,0,0,0
7.9239,0,0,0
8.734,0,0,0
9.66892,0,0,0
60,0,0,0
1.73223,0,0,0
60,0,0,0
25.0085,0,0,0
8.90716,0,0,0
4.51132,0,0,0
10.928,0,0,0
8.06343,0,0,0
3.26578,0,0,0
60,0,0,0
60,0,0,0
60,0,0,0
8.22736,0,0,0
60,0,0,0
8.2851,0,0,0
9.08057,0,0,0
60,0,0,0
3.86222,0,0,0
10.9834,0,0,0
6.68572,0,0,0
8.24133,0,0,0
1.70785,0,0,0
60,0,0,0
5.50859,0,0,0
60,0,0,0
60,0,0,0
9.29846,0,0,0
5.90567,0,0,0
60,0,0,0
3.63925,0,0,0
60,0,0,0
6.87281,0,0,0
0.849616,0,0,0
60,0,0,0
3.98828,0,0,0
60,0,0,0
11.1405,0,0,0
10.7622,0,0,0
60,0,0,0
9.8799,0,0,0
60,0,0,0
1.89868,0,0,0
60,0,0,0
8.96939,0,0,0
2.46918,0,0,0
60,0,0,0
60,0,0,0
11.3005,0,0,0
60,0,0,0
7.09544,0,0,0
60,0,0,0
60,0,0,0
6.14902,0,0,0
60,0,0,0
2.30804,0,0,0
60,0,0,0
60,0,0,0
60,0,0,0
60,0,0,0
60,0,0,0
9.5825,0,0,0
5.42744,0,0,0
4.28945,0,0,0
60,0,0,0
10.1296,0,0,0
2.3716,0,0,0
60,0,0,0
60,0,0,0
3.69714,0,0,0
0.325493,0,0,0
31.4513,0,0,0
60,0,0,0
60,0,0,0
1.73259,0,0,0
8.64452,0,0,0
2.12874,0,0,0
60,0,0,0
7.63894,0,0,0
60,0,0,0
5.74599,0,0,0
60,0,0,0
60,0,0,0
60,0,0,0
60,0,0,0
5.34149,0,0,0
60,0,0,0
1.88479,0,0,0
7.40523,0,0,0
60,0,0,0
10.4828,0,0,0
6.19757,0,0,0
10.1871,0,0,0
1.30785,0,0,0
60,0,0,0
11.2531,0,0,0
11.3199,0,0,0
60,0,0,0
0.35793,0,0,0
60,0,0,0
60,0,0,0
60,0,0,0
60,0,0,0
30.41,0,0,0
60,0,0,0
60,0,0,0
9.86296,0,0,0
1.9996,0,0,0
5.44127,0,0,0
10.5333,0,0,0
0.500147,0,0,0
8.91945,0,0,0
60,0,0,0
11.1323,0,0,0
3.74524,0,0,0
60,0,0,0
6.95168,0,0,0
0.735505,0,0,0
2.57266,0,0,0
9.0997,0,0,0
3.08442,0,0,0
10.45,0,0,0
60,0,0,0
6.95097,0,0,0
4.68354,0,0,0
60,0,0,0
1.6147,0,0,0
10.8608,0,0,0
60,0,0,0
60,0,0,0
60,0,0,0
10.8751,0,0,0
7.0176,0,0,0
8.09699,0,0,0
11.0252,0,0,0
8.1746,0,0,0
60,0,0,0
60,0,0,0
7.61165,0,0,0
60,0,0,0
60,0,0,0
60,0,0,0
3.0215,0,0,0
6.82075,0,0,0
6.56143,0,0,0
5.94363,0,0,0
2.95436,0,0,0
7.84089,0,0,0
5.87283,0,0,0
10.6856,0,0,0
7.96782,0,0,0
60,0,0,0
60,0,0,0
60,0,0,0
60,0,0,0
60,0,0,0
1.82788,0,0,0
0.503608,0,0,0
60,0,0,0
6.68338,0,0,0
60,0,0,0
60,0,0,0
60,0,0,0
1.70232,0,0,0
60,0,0,0
2.34247,0,0,0
3.31151,0,0,0
60,0,0,0
0.78487,0,0,0
60,0,0,0
60,0,0,0
1.51287,0,0,0
60,0,0,0
7.97894,0,0,0
60,0,0,0
3.24875,0,0,0
7.56519,0,0,0
60,0,0,0
1.26508,0,0,0
3.412,0,0,0
60,0,0,0
9.01127,0,0,0
60,0,0,0
60,0,0,0
3.82325,0,0,0
1.12622,0,0,0
5.44259,0,0,0
0.682159,0,0,0
9.53223,0,0,0
0.999081,0,0,0
2.99464,0,0,0
8.62571,0,0,0
0.872063,0,0,0
3.87764,0,0,0
0.599637,0,0,0
60,0,0,0
60,0,0,0
0.306852,0,0,0
60,0,0,0
10.3261,0,0,0
7.33,0,0,0
60,0,0,0
60,0,0,0
60,0,0,0
0.706125,0,0,0
60,0,0,0
9.74067,0,0,0
7.87174,0,0,0
9.93652,0,0,0
9.2681,0,0,0
5.98002,0,0,0
9.94983,0,0,0
10.5497,0,0,0
9.18634,0,0,0
60,0,0,0
3.66569,0,0,0
10.5899,0,0,0
60,0,0,0
8.67434,0,0,0
10.2742,0,0,0
3.3764,0,0,0
60,0,0,0
10.197,0,0,0
9.73305,0,0,0
60,0,0,0
8.53973,0,0,0
14.0599,0,0,0
2.45349,0,0,0
5.19481,0,0,0
8.63829,0,0,0
14.4596,0,0,0
1.11275,0,0,0
60,0,0,0
60,0,0,0
60,0,0,0
3.59253,0,0,0
60,0,0,0
5.08757,0,0,0
60,0,0,0
1.44801,0,0,0
2.92349,0,0,0
6.30778,0,0,0
60,0,0,0
1.49673,0,0,0
60,0,0,0
60,0,0,0
2.30841,0,0,0
60,0,0,0
0.239944,0,0,0
11.2289,0,0,0
0.291545,0,0,0
60,0,0,0
10.756,0,0,0
1.6535,0,0,0
60,0,0,0
8.08309,0,0,0
60,0,0,0
5.48468,0,0,0
2.04501,0,0,0
60,0,0,0
5.73098,0,0,0
60,0,0,0
60,0,0,0
60,0,0,0
6.80988,0,0,0
10.7244,0,0,0
2.29794,0,0,0
3.76816,0,0,0
3.94505,0,0,0
60,0,0,0
3.44547,0,0,0
7.8604,0,0,0
1.43667,0,0,0
6.79292,0,0,0
9.43334,0,0,0
60,0,0,0
9.34904,0,0,0
60,0,0,0
4.72069,0,0,0
3.9026,0,0,0
60,0,0,0
60,0,0,0
10.9171,0,0,0
1.84246,0,0,0
0.712873,0,0,0
2.03733,0,0,0
0.693324,0,0,0
60,0,0,0
0.121316,0,0,0
60,0,0,0
0.711383,0,0,0
60,0,0,0
60,0,0,0
4.35019,0,0,0
9.58075,0,0,0
60,0,0,0
60,0,0,0
8.48584,0,0,0
8.3346,0,0,0
60,0,0,0
1.30921,0,0,0
11.2183,0,0,0
60,0,0,0
3.75856,0,0,0
9.78804,0,0,0
60,0,0,0
11.1723,0,0,0
60,0,0,0
11.2319,0,0,0
2.56145,0,0,0
2.62052,0,0,0
1.25582,0,0,0
60,0,0,0
60,0,0,0
8.46558,0,0,0
8.93693,0,0,0
60,0,0,0
2.53011,0,0,0
60,0,0,0
60,0,0,0
2.56407,0,0,0
60,0,0,0
60,0,0,0
60,0,0,0
8.94622,0,0,0
1.54571,0,0,0
2.58826,0,0,0
60,0,0,0
2.99215,0,0,0
6.85545,0,0,0
60,0,0,0
60,0,0,0
60,0,0,0
8.01065,0,0,0
8.86584,0,0,0
5.48733,0,0,0
60,0,0,0
6.4609,0,0,0
9.39241,0,0,0
60,0,0,0
60,0,0,0
1.07564,0,0,0
60,0,0,0
8.34147,0,0,0
60,0,0,0
60,0,0,0
60,0,0,0
8.27843,0,0,0
10.8517,0,0,0
60,0,0,0
60,0,0,0
6.54066,0,0,0
60,0,0,0
7.42363,0,0,0
11.3549,0,0,0
9.49578,0,0,0
4.34055,0,0,0
60,0,0,0
8.62755,0,0,0
3.65557,0,0,0
9.70556,0,0,0
60,0,0,0
60,0,0,0
60,0,0,0
60,0,0,0
60,0,0,0
24.3123,0,0,0
8.24707,0,0,0
60,0,0,0
7.78909,0,0,0
7.09554,0,0,0
60,0,0,0
60,0,0,0
0.741482,0,0,0
60,0,0,0
3.96452,0,0,0
1.79947,0,0,0
2.17332,0,0,0
60,0,0,0
0.681399,0,0,0
6.89101,0,0,0
4.87614,0,0,0
6.80364,0,0,0
60,0,0,0
60,0,0,0
3.58338,0,0,0
1.81344,0,0,0
7.24718,0,0,0
60,0,0,0
4.23504,0,0,0
60,0,0,0
60,0,0,0
60,0,0,0
4.28171,0,0,0
60,0,0,0
7.05141,0,0,0
2.37209,0,0,0
60,0,0,0
0.519221,0,0,0
7.38346,0,0,0
60,0,0,0
60,0,0,0
1.32553,0,0,0
60,0,0,0
60,0,0,0
60,0,0,0
9.87316,0,0,0
4.2736,0,0,0
60,0,0,0
60,0,0,0
60,0,0,0
9.59499,0,0,0
60,0,0,0
9.36153,0,0,0
3.79742,0,0,0
60,0,0,0
60,0,0,0
9.12958,0,0,0
7.63392,0,0,0
7.4335,0,0,0
0.956667,0,0,0
60,0,0,0
8.3493,0,0,0
7.84292,0,0,0
3.31714,0,0,0
60,0,0,0
60,0,0,0
10.8126,0,0,0
10.5436,0,0,0
9.1833,0,0,0
60,0,0,0
7.47106,0,0,0
0.652499,0,0,0
60,0,0,0
60,0,0,0
10.4008,0,0,0
11.0814,0,0,0
7.43559,0,0,0
60,0,0,0
60,0,0,0
10.1442,0,0,0
10.685,0,0,0
11.0534,0,0,0
60,0,0,0
0.883814,0,0,0
1.74329,0,0,0
9.43077,0,0,0
8.11063,0,0,0
60,0,0,0
60,0,0,0
2.78561,0,0,0
60,0,0,0
9.2296,0,0,0
60,0,0,0
4.76059,0,0,0
2.44098,0,0,0
60,0,0,0
20.7683,0,0,0
7.80163,0,0,0
5.86785,0,0,0
8.85066,0,0,0
9.9603,0,0,0
60,0,0,0
60,0,0,0
11.1124,0,0,0
60,0,0,0
1.73678,0,0,0
60,0,0,0
60,0,0,0
60,0,0,0
6.3791,0,0,0
1.1939,0,0,0
8.33612,0,0,0
0.556806,0,0,0
5.74109,0,0,0
60,0,0,0
4.0727,0,0,0
60,0,0,0
4.01239,0,0,0
10.7481,0,0,0
11.2106,0,0,0
60,0,0,0
4.19048,0,0,0
8.50287,0,0,0
60,0,0,0
3.64938,0,0,0
9.55119,0,0,0
60,0,0,0
60,0,0,0
60,0,0,0
10.874,0,0,0
7.70523,0,0,0
9.41438,0,0,0
60,0,0,0
8.4011,0,0,0
60,0,0,0
60,0,0,0
60,0,0,0
11.3221,0,0,0
60,0,0,0
8.68067,0,0,0
0.566931,0,0,0
60,0,0,0
9.01123,0,0,0
60,0,0,0
9.09085,0,0,0
4.61956,0,0,0
60,0,0,0
2.8815,0,0,0
60,0,0,0
60,0,0,0
8.28309,0,0,0
1.07787,0,0,0
11.3055,0,0,0
1.53544,0,0,0
60,0,0,0
60,0,0,0
9.47579,0,0,0
9.79644,0,0,0
10.8958,0,0,0
60,0,0,0
60,0,0,0
60,0,0,0
1.56246,0,0,0
60,0,0,0
60,0,0,0
60,0,0,0
60,0,0,0
60,0,0,0
60,0,0,0
60,0,0,0
60,0,0,0
60,0,0,0
60,0,0,0
10.2196,0,0,0
7.67344,0,0,0
60,0,0,0
6.87809,0,0,0
60,0,0,0
60,0,0,0
2.57925,0,0,0
2.43392,0,0,0
11.0792,0,0,0
0.568367,0,0,0
4.23751,0,0,0
4.43956,0,0,0
10.9568,0,0,0
0.25467,0,0,0
60,0,0,0
60,0,0,0
60,0,0,0
8.85512,0,0,0
60,0,0,0
60,0,0,0
6.64864,0,0,0
2.95705,0,0,0
60,0,0,0
60,0,0,0
0.101591,0,0,0
60,0,0,0
60,0,0,0
10.139,0,0,0
10.8875,0,0,0
8.51403,0,0,0
3.21418,0,0,0
11.0888,0,0,0
60,0,0,0
4.42268,0,0,0
10.1837,0,0,0
60,0,0,0
4.61042,0,0,0
7.46203,0,0,0
60,0,0,0
60,0,0,0
5.46192,0,0,0
60,0,0,0
3.62594,0,0,0
60,0,0,0
60,0,0,0
10.5692,0,0,0
2.48994,0,0,0
10.1805,0,0,0
60,0,0,0
8.11044,0,0,0
11.2792,0,0,0
5.1157,0,0,0
60,0,0,0
15.2484,0,0,0
3.22328,0,0,0
60,0,0,0
60,0,0,0
8.88103,0,0,0
60,0,0,0
60,0,0,0
60,0,0,0
9.93881,0,0,0
60,0,0,0
60,0,0,0
11.2269,0,0,0
4.26282,0,0,0
60,0,0,0
0.576031,0,0,0
2.86176,0,0,0
60,0,0,0
9.93107,0,0,0
60,0,0,0
60,0,0,0
5.17164,0,0,0
60,0,0,0
10.1061,0,0,0
2.11046,0,0,0
60,0,0,0
3.18149,0,0,0
46.3802,0,0,0
10.7596,0,0,0
60,0,0,0
60,0,0,0
11.2493,0,0,0
2.04655,0,0,0
60,0,0,0
0.395089,0,0,0
8.02209,0,0,0
5.78583,0,0,0
60,0,0,0
4.64633,0,0,0
60,0,0,0
60,0,0,0
60,0,0,0
60,0,0,0
60,0,0,0
10.1179,0,0,0
7.59207,0,0,0
60,0,0,0
5.12517,0,0,0
60,0,0,0
11.0552,0,0,0
60,0,0,0
0.599947,0,0,0
60,0,0,0
60,0,0,0
60,0,0,0
9.02583,0,0,0
7.4833,0,0,0
60,0,0,0
0.30128,0,0,0
3.96312,0,0,0
60,0,0,0
1.85578,0,0,0
60,0,0,0
9.23053,0,0,0
7.07722,0,0,0
60,0,0,0
8.01416,0,0,0
60,0,0,0
60,0,0,0
60,0,0,0
8.91111,0,0,0
3.60378,0,0,0
60,0,0,0
10.985,0,0,0
60,0,0,0
60,0,0,0
60,0,0,0
60,0,0,0
60,0,0,0
60,0,0,0
48.5672,0,0,0
60,0,0,0
60,0,0,0
60,0,0,0
9.99222,0,0,0
6.3641,0,0,0
60,0,0,0
60,0,0,0
0.858467,0,0,0
7.91643,0,0,0
60,0,0,0
60,0,0,0
60,0,0,0
9.60859,0,0,0
60,0,0,0
60,0,0,0
3.30989,0,0,0
60,0,0,0
60,0,0,0
7.42108,0,0,0
2.18214,0,0,0
1.81139,0,0,0
9.29648,0,0,0
4.76422,0,0,0
60,0,0,0
60,0,0,0
60,0,0,0
9.22892,0,0,0
6.6499,0,0,0
8.81857,0,0,0
60,0,0,0
10.2981,0,0,0
2.8756,0,0,0
60,0,0,0
60,0,0,0
60,0,0,0
60,0,0,0
60,0,0,0
60,0,0,0
1.46207,0,0,0
60,0,0,0
10.2898,0,0,0
11.0475,0,0,0
60,0,0,0
60,0,0,0
0.977605,0,0,0
60,0,0,0
8.16528,0,0,0
3.18295,0,0,0
1.09778,0,0,0
4.06612,0,0,0
4.62476,0,0,0
0.537102,0,0,0
0.747011,0,0,0
1.52416,0,0,0
60,0,0,0
60,0,0,0
10.9243,0,0,0
0.548015,0,0,0
2.9016,0,0,0
8.82896,0,0,0
60,0,0,0
60,0,0,0
60,0,0,0
60,0,0,0
0.251347,0,0,0
0.659934,0,0,0
60,0,0,0
60,0,0,0
2.09002,0,0,0
4.02203,0,0,0
60,0,0,0
60,0,0,0
60,0,0,0
9.08952,0,0,0
10.5898,0,0,0
60,0,0,0
7.5962,0,0,0
8.81592,0,0,0
60,0,0,0
60,0,0,0
60,0,0,0
60,0,0,0
5.56532,0,0,0
60,0,0,0
60,0,0,0
10.8248,0,0,0
60,0,0,0
60,0,0,0
2.02166,0,0,0
60,0,0,0
60,0,0,0
60,0,0,0
60,0,0,0
60,0,0,0
9.30531,0,0,0
8.13009,0,0,0
60,0,0,0
0.644692,0,0,0
2.73829,0,0,0
9.61361,0,0,0
60,0,0,0
60,0,0,0
60,0,0,0
10.3332,0,0,0
2.80017,0,0,0
60,0,0,0
8.55254,0,0,0
60,0,0,0
60,0,0,0
0.842662,0,0,0
60,0,0,0
60,0,0,0
0.821326,0,0,0
9.51607,0,0,0
3.54816,0,0,0
60,0,0,0
60,0,0,0
9.38795,0,0,0
10.8298,0,0,0
60,0,0,0
1.07911,0,0,0
60,0,0,0
10.6611,0,0,0
60,0,0,0
60,0,0,0
7.64967,0,0,0
8.06023,0,0,0
60,0,0,0
1.53,0,0,0
3.76828,0,0,0
60,0,0,0
60,0,0,0
4.26425,0,0,0
60,0,0,0
7.80559,0,0,0
9.98655,0,0,0
60,0,0,0
0.773052,0,0,0
60,0,0,0
60,0,0,0
9.55029,0,0,0
3.79683,0,0,0
6.20909,0,0,0
60,0,0,0
60,0,0,0
10.9708,0,0,0
1.40284,0,0,0
1.98481,0,0,0
0.871867,0,0,0
2.9097,0,0,0
60,0,0,0
2.14442,0,0,0
2.5068,0,0,0
8.50405,0,0,0
2.74095,0,0,0
11.0844,0,0,0
60,0,0,0
9.15167,0,0,0
60,0,0,0
60,0,0,0
4.82188,0,0,0
60,0,0,0
6.3471,0,0,0
60,0,0,0
7.32216,0,0,0
60,0,0,0
60,0,0,0
60,0,0,0
9.02013,0,0,0
10.4709,0,0,0
60,0,0,0
60,0,0,0
9.52405,0,0,0
0.685006,0,0,0
8.31807,0,0,0
60,0,0,0
3.39431,0,0,0
60,0,0,0
60,0,0,0
60,0,0,0
9.67374,0,0,0
60,0,0,0
0.170215,0,0,0
9.4813,0,0,0
2.52773,0,0,0
5.96396,0,0,0
1.84275,0,0,0
60,0,0,0
26.6576,0,0,0
8.24743,0,0,0
5.43396,0,0,0
60,0,0,0
3.1616,0,0,0
60,0,0,0
1.31969,0,0,0
10.0146,0,0,0
8.42918,0,0,0
60,0,0,0
3.26745,0,0,0
60,0,0,0
9.43783,0,0,0
0.800775,0,0,0
60,0,0,0
10.7871,0,0,0
60,0,0,0
3.5399,0,0,0
60,0,0,0
60,0,0,0
2.60085,0,0,0
2.22676,0,0,0
2.1853,0,0,0
5.2088,0,0,0
60,0,0,0
60,0,0,0
8.6089,0,0,0
60,0,0,0
2.44219,0,0,0
9.9522,0,0,0
10.2115,0,0,0
2.66571,0,0,0
4.5341,0,0,0
60,0,0,0
7.51582,0,0,0
60,0,0,0
10.1538,0,0,0
5.93771,0,0,0
7.16078,0,0,0
9.09223,0,0,0
60,0,0,0
60,0,0,0
60,0,0,0
60,0,0,0
16.9556,0,0,0
4.19777,0,0,0
60,0,0,0
5.3435,0,0,0
1.35039,0,0,0
10.6553,0,0,0
8.04703,0,0,0
60,0,0,0
60,0,0,0
1.95071,0,0,0
1.79249,0,0,0
60,0,0,0
1.98302,0,0,0
60,0,0,0
60,0,0,0
11.0239,0,0,0
13.6162,0,0,0
10.57,0,0,0
60,0,0,0
0.426537,0,0,0
60,0,0,0
60,0,0,0
5.65786,0,0,0
60,0,0,0
10.8486,0,0,0
60,0,0,0
60,0,0,0
60,0,0,0
60,0,0,0
0.61519,0,0,0
60,0,0,0
2.42051,0,0,0
60,0,0,0
60,0,0,0
8.28557,0,0,0
60,0,0,0
6.02671,0,0,0
60,0,0,0
0.24806,0,0,0
8.85392,0,0,0
11.164,0,0,0
60,0,0,0
60,0,0,0
60,0,0,0
10.6025,0,0,0
60,0,0,0
2.55397,0,0,0
60,0,0,0
1.47484,0,0,0
2.42409,0,0,0
1.12213,0,0,0
60,0,0,0
60,0,0,0
60,0,0,0
60,0,0,0
0.702933,0,0,0
2.37985,0,0,0
9.73444,0,0,0
9.56846,0,0,0
60,0,0,0
3.24184,0,0,0
10.4238,0,0,0
11.4103,0,0,0
3.25373,0,0,0
16.3974,0,0,0
60,0,0,0
60,0,0,0
5.58343,0,0,0
60,0,0,0
8.50282,0,0,0
60,0,0,0
3.0908,0,0,0
60,0,0,0
9.89788,0,0,0
7.32469,0,0,0
60,0,0,0
8.19972,0,0,0
60,0,0,0
4.68375,0,0,0
0.90883,0,0,0
60,0,0,0
60,0,0,0
5.90491,0,0,0
3.66826,0,0,0
8.43667,0,0,0
60,0,0,0
60,0,0,0
60,0,0,0
60,0,0,0
60,0,0,0
4.20053,0,0,0
60,0,0,0
4.22197,0,0,0
60,0,0,0
60,0,0,0
60,0,0,0
7.34828,0,0,0
60,0,0,0
4.47728,0,0,0
7.87079,0,0,0
8.08641,0,0,0
4.96552,0,0,0
8.96235,0,0,0
60,0,0,0
60,0,0,0
11.4007,0,0,0
60,0,0,0
60,0,0,0
0.934332,0,0,0
10.1903,0,0,0
4.14315,0,0,0
8.75834,0,0,0
60,0,0,0
60,0,0,0
60,0,0,0
60,0,0,0
7.78822,0,0,0
60,0,0,0
5.82546,0,0,0
9.44431,0,0,0
60,0,0,0
10.4629,0,0,0
3.61972,0,0,0
60,0,0,0
60,0,0,0
1.00721,0,0,0
60,0,0,0
60,0,0,0
60,0,0,0
3.52474,0,0,0
60,0,0,0
6.99644,0,0,0
1.09854,0,0,0
6.74555,0,0,0
60,0,0,0
4.45584,0,0,0
9.44611,0,0,0
8.37067,0,0,0
60,0,0,0
6.83126,0,0,0
60,0,0,0
1.3921,0,0,0
6.82554,0,0,0
60,0,0,0
1.98374,0,0,0
60,0,0,0
60,0,0,0
9.73861,0,0,0
60,0,0,0
60,0,0,0
3.02639,0,0,0
60,0,0,0
9.70314,0,0,0
1.78789,0,0,0
60,0,0,0
60,0,0,0
60,0,0,0
0.986321,0,0,0
10.3829,0,0,0
60,0,0,0
60,0,0,0
8.37243,0,0,0
8.08428,0,0,0
4.77554,0,0,0
10.424,0,0,0
0.820406,0,0,0
60,0,0,0
2.74322,0,0,0
60,0,0,0
60,0,0,0
11.1341,0,0,0
60,0,0,0
7.20897,0,0,0
4.36157,0,0,0
60,0,0,0
60,0,0,0
3.61015,0,0,0
10.3813,0,0,0
6.02048,0,0,0
60,0,0,0
9.44874,0,0,0
60,0,0,0
2.0655,0,0,0
1.29054,0,0,0
2.18358,0,0,0
60,0,0,0
60,0,0,0
60,0,0,0
60,0,0,0
60,0,0,0
4.7151,0,0,0
60,0,0,0
60,0,0,0
60,0,0,0
7.28199,0,0,0
60,0,0,0
60,0,0,0
11.0554,0,0,0
3.04268,0,0,0
60,0,0,0
60,0,0,0
60,0,0,0
60,0,0,0
8.30636,0,0,0
5.09184,0,0,0
0.170952,0,0,0
5.36762,0,0,0
60,0,0,0
2.42959,0,0,0
60,0,0,0
6.67059,0,0,0
60,0,0,0
3.00818,0,0,0
11.1547,0,0,0
60,0,0,0
11.3974,0,0,0
60,0,0,0
60,0,0,0
60,0,0,0
9.37671,0,0,0
4.99224,0,0,0
5.89891,0,0,0
60,0,0,0
2.89184,0,0,0
8.45476,0,0,0
4.52243,0,0,0
60,0,0,0
6.23972,0,0,0
60,0,0,0
60,0,0,0
60,0,0,0
9.05916,0,0,0
6.00661,0,0,0
60,0,0,0
60,0,0,0
60,0,0,0
3.7023,0,0,0
9.75096,0,0,0
60,0,0,0
4.27495,0,0,0
0.544189,0,0,0
60,0,0,0
10.2922,0,0,0
60,0,0,0
4.50793,0,0,0
60,0,0,0
60,0,0,0
4.40002,0,0,0
60,0,0,0
60,0,0,0
8.6332,0,0,0
7.66551,0,0,0
60,0,0,0
60,0,0,0
60,0,0,0
60,0,0,0
0.545006,0,0,0
60,0,0,0
1.01107,0,0,0
60,0,0,0
10.5696,0,0,0
0.711014,0,0,0
4.50397,0,0,0
8.80277,0,0,0
60,0,0,0
9.21338,0,0,0
4.01493,0,0,0
2.80669,0,0,0
2.40216,0,0,0
60,0,0,0
4.48781,0,0,0
60,0,0,0
6.10023,0,0,0
60,0,0,0
1.6457,0,0,0
1.34882,0,0,0
60,0,0,0
0.24703,0,0,0
8.50455,0,0,0
9.50034,0,0,0
16.8271,0,0,0
2.14067,0,0,0
60,0,0,0
60,0,0,0
10.335,0,0,0
60,0,0,0
60,0,0,0
3.28412,0,0,0
7.31262,0,0,0
10.8239,0,0,0
3.93052,0,0,0
60,0,0,0
60,0,0,0
60,0,0,0
60,0,0,0
60,0,0,0
60,0,0,0
60,0,0,0
0.912426,0,0,0
60,0,0,0
5.88732,0,0,0
60,0,0,0
5.74405,0,0,0
60,0,0,0
0.364528,0,0,0
3.60182,0,0,0
60,0,0,0
60,0,0,0
60,0,0,0
60,0,0,0
3.0815,0,0,0
4.45548,0,0,0
10.8569,0,0,0
4.96703,0,0,0
9.09513,0,0,0
10.3116,0,0,0
1.4077,0,0,0
11.2435,0,0,0
7.20319,0,0,0
60,0,0,0
60,0,0,0
10.8341,0,0,0
9.99715,0,0,0
4.11386,0,0,0
5.01923,0,0,0
1.58771,0,0,0
1.77325,0,0,0
60,0,0,0
5.02248,0,0,0
60,0,0,0
60,0,0,0
9.88175,0,0,0
8.43692,0,0,0
60,0,0,0
9.92794,0,0,0
60,0,0,0
60,0,0,0
60,0,0,0
0.5294,0,0,0
8.14226,0,0,0
11.0722,0,0,0
7.38583,0,0,0
60,0,0,0
2.67793,0,0,0
4.12996,0,0,0
60,0,0,0
60,0,0,0
60,0,0,0
7.62348,0,0,0
60,0,0,0
4.56911,0,0,0
5.46862,0,0,0
8.42585,0,0,0
8.81963,0,0,0
3.06947,0,0,0
60,0,0,0
60,0,0,0
60,0,0,0
2.43012,0,0,0
60,0,0,0
60,0,0,0
60,0,0,0
60,0,0,0
60,0,0,0
7.68527,0,0,0
10.1894,0,0,0
3.01506,0,0,0
60,0,0,0
60,0,0,0
2.40002,0,0,0
7.52456,0,0,0
9.77713,0,0,0
3.75411,0,0,0
5.34954,0,0,0
1.95415,0,0,0
60,0,0,0
60,0,0,0
60,0,0,0
60,0,0,0
3.84165,0,0,0
60,0,0,0
7.68619,0,0,0
3.67396,0,0,0
1.98311,0,0,0
9.32479,0,0,0
4.91838,0,0,0
10.644,0,0,0
0.123074,0,0,0
60,0,0,0
9.78211,0,0,0
2.15869,0,0,0
0.193244,0,0,0
10.6303,0,0,0
1.45096,0,0,0
10.0804,0,0,0
1.31042,0,0,0
60,0,0,0
60,0,0,0
2.76011,0,0,0
7.37167,0,0,0
4.65655,0,0,0
2.40347,0,0,0
60,0,0,0
10.8249,0,0,0
11.2135,0,0,0
60,0,0,0
6.21619,0,0,0
60,0,0,0
0.440632,0,0,0
60,0,0,0
60,0,0,0
9.34402,0,0,0
4.91675,0,0,0
4.52914,0,0,0
3.21644,0,0,0
60,0,0,0
1.74071,0,0,0
60,0,0,0
8.38327,0,0,0
2.52962,0,0,0
5.17963,0,0,0
60,0,0,0
9.83156,0,0,0
0.775011,0,0,0
7.23225,0,0,0
0.394176,0,0,0
9.4388,0,0,0
0.221912,0,0,0
60,0,0,0
60,0,0,0
4.81988,0,0,0
60,0,0,0
8.18993,0,0,0
9.29944,0,0,0
60,0,0,0
60,0,0,0
4.61824,0,0,0
0.447924,0,0,0
8.89615,0,0,0
0.470015,0,0,0
60,0,0,0
60,0,0,0
60,0,0,0
60,0,0,0
11.0309,0,0,0
60,0,0,0
60,0,0,0
1.23262,0,0,0
60,0,0,0
1.2483,0,0,0
60,0,0,0
2.21696,0,0,0
60,0,0,0
10.7718,0,0,0
0.939878,0,0,0
60,0,0,0
11.0191,0,0,0
60,0,0,0
60,0,0,0
7.33085,0,0,0
60,0,0,0
60,0,0,0
9.56826,0,0,0
7.68778,0,0,0
60,0,0,0
4.23129,0,0,0
2.86001,0,0,0
8.81929,0,0,0
9.56698,0,0,0
60,0,0,0
60,0,0,0
8.11066,0,0,0
60,0,0,0
9.40276,0,0,0
60,0,0,0
8.53727,0,0,0
60,0,0,0
0.391816,0,0,0
60,0,0,0
1.0434,0,0,0
60,0,0,0
9.18396,0,0,0
1.42988,0,0,0
8.66147,0,0,0
10.5593,0,0,0
60,0,0,0
60,0,0,0
60,0,0,0
60,0,0,0
10.546,0,0,0
60,0,0,0
7.41382,0,0,0
0.993069,0,0,0
60,0,0,0
60,0,0,0
60,0,0,0
1.06591,0,0,0
0.615615,0,0,0
60,0,0,0
9.2082,0,0,0
0.553785,0,0,0
10.6008,0,0,0
60,0,0,0
8.1455,0,0,0
60,0,0,0
0.67256,0,0,0
8.48309,0,0,0
60,0,0,0
60,0,0,0
60,0,0,0
60,0,0,0
2.2582,0,0,0
60,0,0,0
0.857811,0,0,0
60,0,0,0
60,0,0,0
7.75589,0,0,0
0.538018,0,0,0
2.75727,0,0,0
10.4974,0,0,0
60,0,0,0
10.1198,0,0,0
0.894755,0,0,0
60,0,0,0
11.0353,0,0,0
7.18619,0,0,0
3.4391,0,0,0
2.80686,0,0,0
2.37233,0,0,0
60,0,0,0
6.15893,0,0,0
60,0,0,0
60,0,0,0
1.43856,0,0,0
5.0656,0,0,0
60,0,0,0
11.3601,0,0,0
60,0,0,0
6.98614,0,0,0
0.41277,0,0,0
3.54029,0,0,0
60,0,0,0
1.30403,0,0,0
9.57493,0,0,0
6.58411,0,0,0
60,0,0,0
9.37637,0,0,0
4.44817,0,0,0
60,0,0,0
60,0,0,0
10.5647,0,0,0
60,0,0,0
2.22604,0,0,0
60,0,0,0
60,0,0,0
60,0,0,0
60,0,0,0
9.89899,0,0,0
60,0,0,0
60,0,0,0
0.128187,0,0,0
5.09978,0,0,0
3.61245,0,0,0
60,0,0,0
60,0,0,0
60,0,0,0
60,0,0,0
2.76885,0,0,0
5.21299,0,0,0
8.03189,0,0,0
60,0,0,0
60,0,0,0
9.14537,0,0,0
60,0,0,0
60,0,0,0
60,0,0,0
5.21531,0,0,0
60,0,0,0
2.06166,0,0,0
9.86998,0,0,0
60,0,0,0
9.31658,0,0,0
60,0,0,0
60,0,0,0
10.8605,0,0,0
5.11415,0,0,0
8.00668,0,0,0
60,0,0,0
1.43436,0,0,0
60,0,0,0
6.89643,0,0,0
60,0,0,0
7.87254,0,0,0
10.9018,0,0,0
9.55236,0,0,0
1.1113,0,0,0
60,0,0,0
3.17912,0,0,0
60,0,0,0
60,0,0,0
1.59329,0,0,0
60,0,0,0
60,0,0,0
9.74334,0,0,0
1.61273,0,0,0
8.22001,0,0,0
60,0,0,0
8.26173,0,0,0
1.45584,0,0,0
60,0,0,0
3.84483,0,0,0
60,0,0,0
4.2905,0,0,0
60,0,0,0
60,0,0,0
9.601,0,0,0
8.86972,0,0,0
60,0,0,0
60,0,0,0
60,0,0,0
9.49335,0,0,0
60,0,0,0
60,0,0,0
11.1776,0,0,0
8.74293,0,0,0
10.9586,0,0,0
60,0,0,0
60,0,0,0
10.2377,0,0,0
60,0,0,0
60,0,0,0
14.8173,0,0,0
10.5345,0,0,0
60,0,0,0
1.39153,0,0,0
3.80537,0,0,0
60,0,0,0
60,0,0,0
0.433307,0,0,0
60,0,0,0
1.17314,0,0,0
2.2612,0,0,0
60,0,0,0
60,0,0,0
60,0,0,0
6.45116,0,0,0
60,0,0,0
60,0,0,0
9.92059,0,0,0
60,0,0,0
10.9287,0,0,0
0.991903,0,0,0
60,0,0,0
60,0,0,0
5.91603,0,0,0
6.56063,0,0,0
60,0,0,0
8.41399,0,0,0
60,0,0,0
2.53764,0,0,0
1.50219,0,0,0
10.6725,0,0,0
9.40736,0,0,0
60,0,0,0
60,0,0,0
1.6537,0,0,0
60,0,0,0
60,0,0,0
60,0,0,0
60,0,0,0
60,0,0,0
60,0,0,0
5.85224,0,0,0
60,0,0,0
8.02092,0,0,0
0.509806,0,0,0
3.00703,0,0,0
60,0,0,0
10.441,0,0,0
1.10413,0,0,0
2.41081,0,0,0
0.412394,0,0,0
10.2166,0,0,0
2.55366,0,0,0
60,0,0,0
10.2059,0,0,0
60,0,0,0
60,0,0,0
4.53779,0,0,0
27.9103,0,0,0
8.126,0,0,0
60,0,0,0
60,0,0,0
1.55602,0,0,0
60,0,0,0
2.05071,0,0,0
60,0,0,0
0.80212,0,0,0
60,0,0,0
60,0,0,0
60,0,0,0
60,0,0,0
0.868208,0,0,0
60,0,0,0
8.68956,0,0,0
10.5303,0,0,0
60,0,0,0
5.65461,0,0,0
10.4417,0,0,0
60,0,0,0
11.1335,0,0,0
5.99738,0,0,0
2.36723,0,0,0
9.19397,0,0,0
2.73795,0,0,0
7.93308,0,0,0
60,0,0,0
5.0734,0,0,0
60,0,0,0
1.70266,0,0,0
60,0,0,0
60,0,0,0
2.75929,0,0,0
60,0,0,0
60,0,0,0
10.7462,0,0,0
8.08278,0,0,0
60,0,0,0
9.43635,0,0,0
60,0,0,0
5.05762,0,0,0
0.194661,0,0,0
2.85901,0,0,0
2.39735,0,0,0
3.67436,0,0,0
1.24453,0,0,0
60,0,0,0
60,0,0,0
10.5649,0,0,0
7.20748,0,0,0
60,0,0,0
60,0,0,0
2.38131,0,0,0
3.86783,0,0,0
60,0,0,0
5.17228,0,0,0
60,0,0,0
60,0,0,0
60,0,0,0
60,0,0,0
1.83566,0,0,0
7.53977,0,0,0
11.0388,0,0,0
60,0,0,0
60,0,0,0
12.3884,0,0,0
60,0,0,0
7.11292,0,0,0
60,0,0,0
60,0,0,0
60,0,0,0
7.90549,0,0,0
8.32368,0,0,0
3.16268,0,0,0
60,0,0,0
8.5882,0,0,0
60,0,0,0
60,0,0,0
9.32869,0,0,0
60,0,0,0
1.74857,0,0,0
60,0,0,0
2.90183,0,0,0
10.8744,0,0,0
5.70148,0,0,0
9.73613,0,0,0
5.16518,0,0,0
8.06889,0,0,0
0.34897,0,0,0
0.669588,0,0,0
0.183628,0,0,0
60,0,0,0
1.84805,0,0,0
7.81562,0,0,0
1.20468,0,0,0
60,0,0,0
60,0,0,0
24.2134,0,0,0
5.17094,0,0,0
11.0066,0,0,0
60,0,0,0
60,0,0,0
9.74009,0,0,0
1.99375,0,0,0
1.93608,0,0,0
60,0,0,0
10.1615,0,0,0
7.99095,0,0,0
3.97723,0,0,0
60,0,0,0
2.38494,0,0,0
60,0,0,0
0.466887,0,0,0
60,0,0,0
60,0,0,0
60,0,0,0
60,0,0,0
60,0,0,0
7.40945,0,0,0
60,0,0,0
60,0,0,0
0.463117,0,0,0
60,0,0,0
17.1043,0,0,0
9.72321,0,0,0
60,0,0,0
10.8661,0,0,0
4.75178,0,0,0
5.86422,0,0,0
60,0,0,0
8.16522,0,0,0
9.59404,0,0,0
60,0,0,0
4.229,0,0,0
60,0,0,0
60,0,0,0
1.05295,0,0,0
60,0,0,0
1.07539,0,0,0
60,0,0,0
9.70145,0,0,0
6.03098,0,0,0
5.67064,0,0,0
60,0,0,0
60,0,0,0
8.06567,0,0,0
60,0,0,0
1.08954,0,0,0
8.89162,0,0,0
60,0,0,0
60,0,0,0
6.61276,0,0,0
60,0,0,0
3.99897,0,0,0
10.6223,0,0,0
10.6035,0,0,0
9.61915,0,0,0
60,0,0,0
60,0,0,0
1.09465,0,0,0
60,0,0,0
9.41301,0,0,0
6.0686,0,0,0
9.37217,0,0,0
3.2537,0,0,0
60,0,0,0
3.26079,0,0,0
6.18351,0,0,0
60,0,0,0
60,0,0,0
12.1169,0,0,0
14.972,0,0,0
9.29901,0,0,0
9.59593,0,0,0
0.440545,0,0,0
6.13099,0,0,0
60,0,0,0
8.51122,0,0,0
60,0,0,0
3.02089,0,0,0
0.402325,0,0,0
11.1242,0,0,0
10.0845,0,0,0
11.2489,0,0,0
3.06954,0,0,0
4.85545,0,0,0
4.8492,0,0,0
0.107924,0,0,0
0.653543,0,0,0
60,0,0,0
60,0,0,0
60,0,0,0
60,0,0,0
5.81075,0,0,0
8.76128,0,0,0
9.93457,0,0,0
60,0,0,0
0.393979,0,0,0
11.2683,0,0,0
0.411314,0,0,0
9.69917,0,0,0
9.77416,0,0,0
60,0,0,0
9.5144,0,0,0
60,0,0,0
5.55222,0,0,0
11.3534,0,0,0
0.475737,0,0,0
60,0,0,0
3.77228,0,0,0
60,0,0,0
5.28003,0,0,0
60,0,0,0
60,0,0,0
60,0,0,0
60,0,0,0
60,0,0,0
11.375,0,0,0
7.91252,0,0,0
2.37116,0,0,0
9.66257,0,0,0
20.7855,0,0,0
8.29791,0,0,0
60,0,0,0
1.16637,0,0,0
60,0,0,0
60,0,0,0
0.739211,0,0,0
8.46495,0,0,0
1.21406,0,0,0
0.620659,0,0,0
60,0,0,0
9.3969,0,0,0
60,0,0,0
3.00141,0,0,0
11.1064,0,0,0
0.626573,0,0,0
10.2584,0,0,0
60,0,0,0
60,0,0,0
60,0,0,0
6.88281,0,0,0
6.84427,0,0,0
0.428728,0,0,0
60,0,0,0
60,0,0,0
3.25299,0,0,0
1.50312,0,0,0
7.66349,0,0,0
60,0,0,0
0.387438,0,0,0
5.25239,0,0,0
1.85052,0,0,0
60,0,0,0
9.57088,0,0,0
5.83969,0,0,0
60,0,0,0
60,0,0,0
9.42445,0,0,0
3.10791,0,0,0
2.50913,0,0,0
60,0,0,0
0.656802,0,0,0
60,0,0,0
11.083,0,0,0
60,0,0,0
60,0,0,0
1.66399,0,0,0
11.2433,0,0,0
6.28334,0,0,0
60,0,0,0
9.90933,0,0,0
60,0,0,0
60,0,0,0
60,0,0,0
60,0,0,0
15.2284,0,0,0
5.00663,0,0,0
1.28657,0,0,0
4.63527,0,0,0
2.03991,0,0,0
8.69978,0,0,0
60,0,0,0
60,0,0,0
1.65095,0,0,0
1.6965,0,0,0
4.28702,0,0,0
60,0,0,0
6.92358,0,0,0
2.68005,0,0,0
7.9569,0,0,0
0.723303,0,0,0
7.63595,0,0,0
60,0,0,0
60,0,0,0
60,0,0,0
1.65115,0,0,0
60,0,0,0
4.29717,0,0,0
60,0,0,0
11.2966,0,0,0
60,0,0,0
60,0,0,0
60,0,0,0
0.741344,0,0,0
1.27305,0,0,0
60,0,0,0
4.02429,0,0,0
60,0,0,0
60,0,0,0
60,0,0,0
60,0,0,0
60,0,0,0
60,0,0,0
60,0,0,0
60,0,0,0
60,0,0,0
60,0,0,0
60,0,0,0
11.1282,0,0,0
60,0,0,0
60,0,0,0
7.16333,0,0,0
60,0,0,0
0.161003,0,0,0
60,0,0,0
1.73998,0,0,0
60,0,0,0
7.36489,0,0,0
11.3662,0,0,0
60,0,0,0
60,0,0,0
60,0,0,0
60,0,0,0
8.75814,0,0,0
2.15621,0,0,0
60,0,0,0
60,0,0,0
4.63551,0,0,0
7.54702,0,0,0
60,0,0,0
5.57432,0,0,0
60,0,0,0
60,0,0,0
60,0,0,0
8.90986,0,0,0
60,0,0,0
7.19704,0,0,0
60,0,0,0
60,0,0,0
3.67885,0,0,0
60,0,0,0
8.6641,0,0,0
7.75085,0,0,0
60,0,0,0
60,0,0,0
2.36933,0,0,0
9.05117,0,0,0
60,0,0,0
3.16604,0,0,0
60,0,0,0
60,0,0,0
8.23257,0,0,0
3.21864,0,0,0
0.824557,0,0,0
3.01572,0,0,0
5.62218,0,0,0
7.28335,0,0,0
7.32941,0,0,0
60,0,0,0
9.95105,0,0,0
3.03113,0,0,0
60,0,0,0
10.1735,0,0,0
60,0,0,0
9.92769,0,0,0
5.14124,0,0,0
5.55487,0,0,0
9.07678,0,0,0
9.36195,0,0,0
0.411692,0,0,0
60,0,0,0
60,0,0,0
2.0757,0,0,0
11.1982,0,0,0
8.46578,0,0,0
7.39347,0,0,0
60,0,0,0
46.9635,0,0,0
60,0,0,0
3.77287,0,0,0
7.64464,0,0,0
4.25296,0,0,0
60,0,0,0
9.71147,0,0,0
60,0,0,0
60,0,0,0
60,0,0,0
60,0,0,0
3.34546,0,0,0
8.27823,0,0,0
9.4608,0,0,0
60,0,0,0
4.0974,0,0,0
60,0,0,0
60,0,0,0
11.102,0,0,0
4.76869,0,0,0
60,0,0,0
60,0,0,0
10.4033,0,0,0
60,0,0,0
7.30003,0,0,0
1.76881,0,0,0
60,0,0,0
4.2019,0,0,0
60,0,0,0
60,0,0,0
8.58909,0,0,0
60,0,0,0
60,0,0,0
60,0,0,0
8.2236,0,0,0
60,0,0,0
60,0,0,0
9.62876,0,0,0
60,0,0,0
60,0,0,0
10.4137,0,0,0
1.45627,0,0,0
60,0,0,0
60,0,0,0
60,0,0,0
8.39782,0,0,0
9.50897,0,0,0
60,0,0,0
2.61763,0,0,0
1.40968,0,0,0
60,0,0,0
60,0,0,0
11.2438,0,0,0
7.71838,0,0,0
60,0,0,0
5.45451,0,0,0
60,0,0,0
60,0,0,0
60,0,0,0
60,0,0,0
60,0,0,0
10.1424,0,0,0
11.2406,0,0,0
10.707,0,0,0
11.3193,0,0,0
10.5104,0,0,0
5.20297,0,0,0
6.24783,0,0,0
60,0,0,0
60,0,0,0
60,0,0,0
60,0,0,0
7.96443,0,0,0
8.06194,0,0,0
60,0,0,0
60,0,0,0
60,0,0,0
1.63842,0,0,0
60,0,0,0
60,0,0,0
60,0,0,0
0.246487,0,0,0
60,0,0,0
1.44985,0,0,0
60,0,0,0
60,0,0,0
4.17934,0,0,0
0.756484,0,0,0
10.2938,0,0,0
27.5226,0,0,0
4.91659,0,0,0
60,0,0,0
4.8515,0,0,0
60,0,0,0
9.36101,0,0,0
3.52343,0,0,0
0.330646,0,0,0
60,0,0,0
60,0,0,0
6.2209,0,0,0
8.16951,0,0,0
60,0,0,0
2.57089,0,0,0
60,0,0,0
60,0,0,0
60,0,0,0
60,0,0,0
10.2848,0,0,0
60,0,0,0
60,0,0,0
60,0,0,0
60,0,0,0
4.13943,0,0,0
4.2236,0,0,0
6.19918,0,0,0
60,0,0,0
8.98059,0,0,0
4.20288,0,0,0
60,0,0,0
7.40075,0,0,0
11.0878,0,0,0
60,0,0,0
60,0,0,0
60,0,0,0
6.1175,0,0,0
8.88661,0,0,0
8.77737,0,0,0
3.61077,0,0,0
2.66628,0,0,0
11.2785,0,0,0
6.5024,0,0,0
10.501,0,0,0
9.86546,0,0,0
5.73974,0,0,0
0.634401,0,0,0
9.23793,0,0,0
3.85058,0,0,0
3.83733,0,0,0
10.4593,0,0,0
4.97534,0,0,0
3.88868,0,0,0
9.46929,0,0,0
60,0,0,0
3.33881,0,0,0
5.76387,0,0,0
60,0,0,0
6.56565,0,0,0
60,0,0,0
5.56079,0,0,0
7.18827,0,0,0
60,0,0,0
60,0,0,0
60,0,0,0
9.47612,0,0,0
60,0,0,0
3.70502,0,0,0
60,0,0,0
4.0617,0,0,0
4.63337,0,0,0
60,0,0,0
60,0,0,0
60,0,0,0
60,0,0,0
7.64369,0,0,0
3.76197,0,0,0
60,0,0,0
60,0,0,0
7.56961,0,0,0
10.7358,0,0,0
60,0,0,0
60,0,0,0
7.33042,0,0,0
60,0,0,0
1.04097,0,0,0
60,0,0,0
8.51367,0,0,0
60,0,0,0
60,0,0,0
10.1082,0,0,0
8.36509,0,0,0
4.63168,0,0,0
60,0,0,0
10.4262,0,0,0
60,0,0,0
0.113819,0,0,0
60,0,0,0
60,0,0,0
9.81675,0,0,0
60,0,0,0
60,0,0,0
60,0,0,0
9.38538,0,0,0
9.28429,0,0,0
4.64437,0,0,0
3.46805,0,0,0
6.07974,0,0,0
60,0,0,0
7.19693,0,0,0
60,0,0,0
60,0,0,0
60,0,0,0
5.88129,0,0,0
60,0,0,0
60,0,0,0
1.10977,0,0,0
60,0,0,0
4.83416,0,0,0
2.14636,0,0,0
2.26548,0,0,0
60,0,0,0
5.74809,0,0,0
60,0,0,0
60,0,0,0
1.66177,0,0,0
8.69458,0,0,0
8.63747,0,0,0
0.783093,0,0,0
60,0,0,0
1.79995,0,0,0
3.80467,0,0,0
60,0,0,0
30.6286,0,0,0
2.48092,0,0,0
60,0,0,0
2.00759,0,0,0
1.27786,0,0,0
10.7559,0,0,0
9.2064,0,0,0
60,0,0,0
60,0,0,0
7.53331,0,0,0
60,0,0,0
60,0,0,0
2.35554,0,0,0
60,0,0,0
60,0,0,0
60,0,0,0
60,0,0,0
60,0,0,0
60,0,0,0
3.78526,0,0,0
1.35318,0,0,0
28.0612,0,0,0
60,0,0,0
60,0,0,0
9.73946,0,0,0
8.91037,0,0,0
60,0,0,0
0.22702,0,0,0
60,0,0,0
0.794913,0,0,0
8.78944,0,0,0
60,0,0,0
60,0,0,0
9.6677,0,0,0
0.659614,0,0,0
0.170494,0,0,0
60,0,0,0
6.34595,0,0,0
8.72658,0,0,0
60,0,0,0
7.84727,0,0,0
3.81021,0,0,0
1.1997,0,0,0
10.3526,0,0,0
60,0,0,0
60,0,0,0
9.69815,0,0,0
2.09796,0,0,0
60,0,0,0
8.22072,0,0,0
7.49974,0,0,0
8.86111,0,0,0
1.66565,0,0,0
60,0,0,0
9.4984,0,0,0
60,0,0,0
60,0,0,0
60,0,0,0
60,0,0,0
60,0,0,0
7.81881,0,0,0
2.24742,0,0,0
9.47929,0,0,0
60,0,0,0
9.60099,0,0,0
2.864,0,0,0
60,0,0,0
11.065,0,0,0
60,0,0,0
60,0,0,0
60,0,0,0
2.76084,0,0,0
5.4734,0,0,0
60,0,0,0
5.23488,0,0,0
60,0,0,0
60,0,0,0
58.0776,0,0,0
60,0,0,0
60,0,0,0
2.997,0,0,0
9.58186,0,0,0
60,0,0,0
10.1817,0,0,0
60,0,0,0
60,0,0,0
5.05183,0,0,0
60,0,0,0
60,0,0,0
10.9455,0,0,0
60,0,0,0
10.5584,0,0,0
5.72765,0,0,0
9.2531,0,0,0
11.0312,0,0,0
60,0,0,0
60,0,0,0
60,0,0,0
11.3706,0,0,0
1.5255,0,0,0
7.14814,0,0,0
60,0,0,0
60,0,0,0
60,0,0,0
9.02252,0,0,0
1.00813,0,0,0
0.71138,0,0,0
6.07986,0,0,0
3.76876,0,0,0
60,0,0,0
2.35773,0,0,0
60,0,0,0
60,0,0,0
6.08388,0,0,0
60,0,0,0
2.79811,0,0,0
2.42892,0,0,0
9.84981,0,0,0
11.1671,0,0,0
8.13632,0,0,0
2.76859,0,0,0
60,0,0,0
60,0,0,0
2.30446,0,0,0
60,0,0,0
2.24428,0,0,0
60,0,0,0
7.11137,0,0,0
60,0,0,0
10.8883,0,0,0
6.42455,0,0,0
60,0,0,0
10.4639,0,0,0
7.86107,0,0,0
2.03165,0,0,0
60,0,0,0
60,0,0,0
60,0,0,0
5.39029,0,0,0
60,0,0,0
60,0,0,0
60,0,0,0
8.26774,0,0,0
6.38651,0,0,0
60,0,0,0
60,0,0,0
9.39707,0,0,0
60,0,0,0
0.8675,0,0,0
60,0,0,0
60,0,0,0
60,0,0,0
0.586087,0,0,0
1.86735,0,0,0
60,0,0,0
60,0,0,0
9.72126,0,0,0
1.21434,0,0,0
2.80877,0,0,0
4.80136,0,0,0
60,0,0,0
11.1027,0,0,0
10.5724,0,0,0
3.68417,0,0,0
9.71602,0,0,0
0.402074,0,0,0
10.2207,0,0,0
60,0,0,0
1.2815,0,0,0
9.46231,0,0,0
9.19893,0,0,0
10.8609,0,0,0
7.47831,0,0,0
60,0,0,0
60,0,0,0
0.708866,0,0,0
2.97603,0,0,0
60,0,0,0
10.8182,0,0,0
60,0,0,0
2.26569,0,0,0
60,0,0,0
60,0,0,0
2.10931,0,0,0
0.960154,0,0,0
60,0,0,0
60,0,0,0
10.7183,0,0,0
4.79,0,0,0
3.63681,0,0,0
10.05,0,0,0
1.44698,0,0,0
8.12848,0,0,0
60,0,0,0
0.608632,0,0,0
2.78992,0,0,0
0.682196,0,0,0
60,0,0,0
60,0,0,0
6.93317,0,0,0
11.0333,0,0,0
11.032,0,0,0
60,0,0,0
60,0,0,0
60,0,0,0
8.24883,0,0,0
60,0,0,0
5.76442,0,0,0
60,0,0,0
10.9393,0,0,0
2.07015,0,0,0
2.04888,0,0,0
60,0,0,0
1.12564,0,0,0
2.21669,0,0,0
60,0,0,0
8.36056,0,0,0
9.88756,0,0,0
60,0,0,0
1.57505,0,0,0
60,0,0,0
60,0,0,0
1.78664,0,0,0
1.6676,0,0,0
9.00463,0,0,0
8.87094,0,0,0
60,0,0,0
0.762735,0,0,0
2.21937,0,0,0
4.38496,0,0,0
3.01979,0,0,0
2.69932,0,0,0
60,0,0,0
1.1119,0,0,0
10.5173,0,0,0
60,0,0,0
60,0,0,0
60,0,0,0
60,0,0,0
8.72576,0,0,0
6.88172,0,0,0
60,0,0,0
3.69206,0,0,0
0.444364,0,0,0
7.37552,0,0,0
5.0979,0,0,0
60,0,0,0
1.57588,0,0,0
60,0,0,0
60,0,0,0
60,0,0,0
10.7287,0,0,0
7.00298,0,0,0
60,0,0,0
60,0,0,0
0.852463,0,0,0
0.417589,0,0,0
14.6535,0,0,0
60,0,0,0
60,0,0,0
60,0,0,0
9.54077,0,0,0
6.58911,0,0,0
1.06475,0,0,0
4.43043,0,0,0
60,0,0,0
9.84561,0,0,0
9.76042,0,0,0
1.13142,0,0,0
7.97044,0,0,0
60,0,0,0
10.0574,0,0,0
9.29191,0,0,0
0.306777,0,0,0
4.1828,0,0,0
6.30724,0,0,0
60,0,0,0
9.4622,0,0,0
5.25289,0,0,0
7.28928,0,0,0
4.86853,0,0,0
60,0,0,0
4.00586,0,0,0
10.0587,0,0,0
60,0,0,0
1.17902,0,0,0
2.80026,0,0,0
7.70019,0,0,0
1.33944,0,0,0
2.83266,0,0,0
60,0,0,0
60,0,0,0
3.82705,0,0,0
60,0,0,0
10.1803,0,0,0
3.83171,0,0,0
60,0,0,0
9.89436,0,0,0
8.95402,0,0,0
60,0,0,0
9.74161,0,0,0
0.778581,0,0,0
9.66328,0,0,0
60,0,0,0
60,0,0,0
60,0,0,0
1.72214,0,0,0
6.66891,0,0,0
0.717192,0,0,0
60,0,0,0
4.83688,0,0,0
60,0,0,0
60,0,0,0
60,0,0,0
60,0,0,0
60,0,0,0
60,0,0,0
5.97971,0,0,0
4.32174,0,0,0
8.19021,0,0,0
9.91549,0,0,0
60,0,0,0
4.03892,0,0,0
60,0,0,0
60,0,0,0
10.3694,0,0,0
60,0,0,0
60,0,0,0
2.31938,0,0,0
10.5312,0,0,0
60,0,0,0
2.3587,0,0,0
6.31035,0,0,0
6.71552,0,0,0
60,0,0,0
60,0,0,0
60,0,0,0
60,0,0,0
10.8636,0,0,0
10.0717,0,0,0
60,0,0,0
60,0,0,0
7.78727,0,0,0
10.2872,0,0,0
11.1847,0,0,0
0.36324,0,0,0
60,0,0,0
2.49524,0,0,0
5.55896,0,0,0
1.32396,0,0,0
0.641662,0,0,0
60,0,0,0
3.66663,0,0,0
9.28453,0,0,0
58.4827,0,0,0
60,0,0,0
7.93449,0,0,0
2.14151,0,0,0
60,0,0,0
5.21664,0,0,0
0.132486,0,0,0
5.41906,0,0,0
23.2622,0,0,0
10.9972,0,0,0
60,0,0,0
60,0,0,0
0.961381,0,0,0
60,0,0,0
6.89868,0,0,0
60,0,0,0
60,0,0,0
10.1297,0,0,0
60,0,0,0
60,0,0,0
60,0,0,0
60,0,0,0
60,0,0,0
4.48067,0,0,0
60,0,0,0
60,0,0,0
11.1306,0,0,0
60,0,0,0
11.3493,0,0,0
60,0,0,0
2.34708,0,0,0
60,0,0,0
60,0,0,0
0.465319,0,0,0
60,0,0,0
60,0,0,0
9.15365,0,0,0
60,0,0,0
7.28445,0,0,0
1.26921,0,0,0
1.55071,0,0,0
9.78877,0,0,0
2.30686,0,0,0
60,0,0,0
60,0,0,0
60,0,0,0
60,0,0,0
60,0,0,0
0.674092,0,0,0
60,0,0,0
1.02162,0,0,0
11.4099,0,0,0
60,0,0,0
60,0,0,0
60,0,0,0
60,0,0,0
2.69657,0,0,0
0.14466,0,0,0
60,0,0,0
60,0,0,0
2.58276,0,0,0
60,0,0,0
1.25589,0,0,0
2.66177,0,0,0
5.41319,0,0,0
60,0,0,0
60,0,0,0
11.3441,0,0,0
4.31293,0,0,0
2.55372,0,0,0
1.15224,0,0,0
10.6346,0,0,0
60,0,0,0
60,0,0,0
60,0,0,0
3.0374,0,0,0
60,0,0,0
60,0,0,0
10.4697,0,0,0
60,0,0,0
60,0,0,0
8.62211,0,0,0
6.97065,0,0,0
0.491137,0,0,0
60,0,0,0
1.32823,0,0,0
60,0,0,0
60,0,0,0
4.84431,0,0,0
60,0,0,0
2.0804,0,0,0
10.2268,0,0,0
60,0,0,0
4.55241,0,0,0
3.03015,0,0,0
1.97616,0,0,0
9.19879,0,0,0
60,0,0,0
3.1334,0,0,0
60,0,0,0
60,0,0,0
2.36741,0,0,0
3.61615,0,0,0
60,0,0,0
3.52454,0,0,0
60,0,0,0
0.288463,0,0,0
60,0,0,0
1.02373,0,0,0
60,0,0,0
60,0,0,0
4.96964,0,0,0
6.14541,0,0,0
1.00395,0,0,0
60,0,0,0
60,0,0,0
60,0,0,0
7.48127,0,0,0
10.9662,0,0,0
0.361705,0,0,0
60,0,0,0
60,0,0,0
0.584988,0,0,0
60,0,0,0
60,0,0,0
60,0,0,0
1.97964,0,0,0
60,0,0,0
2.52314,0,0,0
60,0,0,0
60,0,0,0
8.65881,0,0,0
0.890908,0,0,0
0.327931,0,0,0
60,0,0,0
5.10871,0,0,0
2.91888,0,0,0
60,0,0,0
60,0,0,0
60,0,0,0
10.6405,0,0,0
9.58435,0,0,0
60,0,0,0
12.4309,0,0,0
60,0,0,0
1.29028,0,0,0
4.17523,0,0,0
60,0,0,0
6.92766,0,0,0
2.05661,0,0,0
0.301429,0,0,0
0.677077,0,0,0
60,0,0,0
0.574298,0,0,0
60,0,0,0
60,0,0,0
4.29611,0,0,0
1.42733,0,0,0
8.73213,0,0,0
60,0,0,0
60,0,0,0
2.33509,0,0,0
8.22497,0,0,0
10.1996,0,0,0
0.590982,0,0,0
0.814045,0,0,0
60,0,0,0
1.9232,0,0,0
3.2349,0,0,0
60,0,0,0
60,0,0,0
60,0,0,0
60,0,0,0
1.08034,0,0,0
10.287,0,0,0
60,0,0,0
60,0,0,0
60,0,0,0
0.306449,0,0,0
60,0,0,0
4.66563,0,0,0
60,0,0,0
8.2209,0,0,0
4.30539,0,0,0
0.815887,0,0,0
60,0,0,0
6.02399,0,0,0
60,0,0,0
5.01465,0,0,0
7.35227,0,0,0
1.91686,0,0,0
60,0,0,0
60,0,0,0
60,0,0,0
2.40092,0,0,0
5.96285,0,0,0
10.9977,0,0,0
60,0,0,0
7.74473,0,0,0
60,0,0,0
60,0,0,0
10.4662,0,0,0
2.24789,0,0,0
1.53776,0,0,0
7.59309,0,0,0
60,0,0,0
60,0,0,0
60,0,0,0
0.432045,0,0,0
60,0,0,0
60,0,0,0
9.24878,0,0,0
60,0,0,0
60,0,0,0
60,0,0,0
2.50256,0,0,0
9.23394,0,0,0
11.1931,0,0,0
11.3197,0,0,0
60,0,0,0
60,0,0,0
8.86456,0,0,0
10.8922,0,0,0
60,0,0,0
3.43057,0,0,0
60,0,0,0
2.73958,0,0,0
60,0,0,0
60,0,0,0
1.88751,0,0,0
9.46851,0,0,0
60,0,0,0
7.21579,0,0,0
60,0,0,0
60,0,0,0
4.67005,0,0,0
60,0,0,0
1.20936,0,0,0
60,0,0,0
10.3638,0,0,0
5.96818,0,0,0
8.64409,0,0,0
60,0,0,0
60,0,0,0
60,0,0,0
2.24219,0,0,0
60,0,0,0
60,0,0,0
4.36021,0,0,0
0.167122,0,0,0
8.90627,0,0,0
60,0,0,0
1.80733,0,0,0
5.50269,0,0,0
60,0,0,0
60,0,0,0
60,0,0,0
60,0,0,0
3.75487,0,0,0
60,0,0,0
7.72197,0,0,0
4.85342,0,0,0
10.7898,0,0,0
60,0,0,0
60,0,0,0
60,0,0,0
1.75744,0,0,0
60,0,0,0
3.18328,0,0,0
60,0,0,0
60,0,0,0
60,0,0,0
11.2024,0,0,0
8.53788,0,0,0
10.9753,0,0,0
60,0,0,0
60,0,0,0
60,0,0,0
60,0,0,0
10.8855,0,0,0
60,0,0,0
4.98284,0,0,0
60,0,0,0
8.40209,0,0,0
9.43598,0,0,0
1.88426,0,0,0
60,0,0,0
60,0,0,0
60,0,0,0
60,0,0,0
9.24882,0,0,0
60,0,0,0
60,0,0,0
7.83305,0,0,0
0.66012,0,0,0
60,0,0,0
0.893688,0,0,0
5.06219,0,0,0
2.30974,0,0,0
8.53819,0,0,0
60,0,0,0
60,0,0,0
6.34062,0,0,0
60,0,0,0
2.96439,0,0,0
9.06764,0,0,0
9.98686,0,0,0
60,0,0,0
60,0,0,0
60,0,0,0
2.466,0,0,0
10.8583,0,0,0
60,0,0,0
60,0,0,0
3.43572,0,0,0
60,0,0,0
10.444,0,0,0
60,0,0,0
13.4406,0,0,0
4.23383,0,0,0
0.127017,0,0,0
60,0,0,0
10.1341,0,0,0
4.50523,0,0,0
60,0,0,0
60,0,0,0
60,0,0,0
9.39387,0,0,0
10.9868,0,0,0
60,0,0,0
60,0,0,0
60,0,0,0
60,0,0,0
6.59929,0,0,0
0.257222,0,0,0
60,0,0,0
3.68069,0,0,0
0.438291,0,0,0
60,0,0,0
5.19295,0,0,0
2.7965,0,0,0
60,0,0,0
3.9556,0,0,0
14.9528,0,0,0
60,0,0,0
60,0,0,0
4.9045,0,0,0
4.09008,0,0,0
60,0,0,0
7.68876,0,0,0
60,0,0,0
3.12469,0,0,0
1.9659,0,0,0
3.01835,0,0,0
9.7333,0,0,0
5.98691,0,0,0
60,0,0,0
60,0,0,0
60,0,0,0
2.90156,0,0,0
2.78305,0,0,0
60,0,0,0
4.64039,0,0,0
3.11201,0,0,0
60,0,0,0
60,0,0,0
60,0,0,0
60,0,0,0
10.7803,0,0,0
7.98197,0,0,0
2.87182,0,0,0
3.12881,0,0,0
2.74318,0,0,0
18.1832,0,0,0
60,0,0,0
11.3246,0,0,0
60,0,0,0
60,0,0,0
7.99013,0,0,0
60,0,0,0
4.98621,0,0,0
60,0,0,0
8.46248,0,0,0
60,0,0,0
2.19414,0,0,0
60,0,0,0
11.1293,0,0,0
60,0,0,0
60,0,0,0
60,0,0,0
60,0,0,0
10.0118,0,0,0
60,0,0,0
10.239,0,0,0
6.59312,0,0,0
60,0,0,0
9.86756,0,0,0
60,0,0,0
7.83219,0,0,0
60,0,0,0
8.10541,0,0,0
9.78191,0,0,0
10.9577,0,0,0
15.1225,0,0,0
7.05697,0,0,0
60,0,0,0
60,0,0,0
7.94561,0,0,0
1.01842,0,0,0
60,0,0,0
60,0,0,0
60,0,0,0
60,0,0,0
9.58602,0,0,0
10.8469,0,0,0
60,0,0,0
60,0,0,0
10.4113,0,0,0
60,0,0,0
1.49828,0,0,0
5.57339,0,0,0
60,0,0,0
10.1849,0,0,0
60,0,0,0
3.94534,0,0,0
60,0,0,0
5.7392,0,0,0
60,0,0,0
60,0,0,0
6.16437,0,0,0
3.92531,0,0,0
60,0,0,0
8.89045,0,0,0
0.767945,0,0,0
5.71623,0,0,0
60,0,0,0
0.334881,0,0,0
60,0,0,0
10.9087,0,0,0
60,0,0,0
60,0,0,0
60,0,0,0
0.245085,0,0,0
60,0,0,0
2.33548,0,0,0
2.51497,0,0,0
60,0,0,0
0.649734,0,0,0
60,0,0,0
8.79385,0,0,0
60,0,0,0
2.78504,0,0,0
60,0,0,0
10.2684,0,0,0
8.23468,0,0,0
10.3589,0,0,0
4.21385,0,0,0
43.4846,0,0,0
4.4245,0,0,0
8.0933,0,0,0
3.8254,0,0,0
60,0,0,0
1.69489,0,0,0
60,0,0,0
5.32233,0,0,0
4.59819,0,0,0
9.43175,0,0,0
5.67099,0,0,0
60,0,0,0
60,0,0,0
60,0,0,0
10.8446,0,0,0
60,0,0,0
60,0,0,0
60,0,0,0
60,0,0,0
9.43213,0,0,0
60,0,0,0
60,0,0,0
0.596696,0,0,0
10.7163,0,0,0
60,0,0,0
2.25568,0,0,0
7.05626,0,0,0
3.20556,0,0,0
1.78928,0,0,0
9.44862,0,0,0
6.06755,0,0,0
60,0,0,0
60,0,0,0
60,0,0,0
60,0,0,0
60,0,0,0
1.03287,0,0,0
1.53314,0,0,0
10.4519,0,0,0
60,0,0,0
60,0,0,0
60,0,0,0
60,0,0,0
60,0,0,0
3.22411,0,0,0
60,0,0,0
60,0,0,0
9.33247,0,0,0
60,0,0,0
9.48736,0,0,0
60,0,0,0
60,0,0,0
15.0063,0,0,0
8.38103,0,0,0
60,0,0,0
4.48131,0,0,0
9.4665,0,0,0
1.65825,0,0,0
5.09052,0,0,0
7.92582,0,0,0
2.25573,0,0,0
0.408785,0,0,0
4.05549,0,0,0
60,0,0,0
60,0,0,0
3.7768,0,0,0
9.0233,0,0,0
7.04249,0,0,0
60,0,0,0
60,0,0,0
5.35552,0,0,0
60,0,0,0
60,0,0,0
2.60496,0,0,0
60,0,0,0
4.24449,0,0,0
60,0,0,0
0.595204,0,0,0
60,0,0,0
4.97554,0,0,0
7.17349,0,0,0
5.03154,0,0,0
60,0,0,0
60,0,0,0
60,0,0,0
10.7887,0,0,0
60,0,0,0
60,0,0,0
13.1706,0,0,0
60,0,0,0
60,0,0,0
0.234582,0,0,0
60,0,0,0
2.247,0,0,0
10.8773,0,0,0
60,0,0,0
60,0,0,0
8.55744,0,0,0
60,0,0,0
9.10852,0,0,0
60,0,0,0
60,0,0,0
60,0,0,0
3.45909,0,0,0
9.1501,0,0,0
5.11182,0,0,0
9.7459,0,0,0
3.16732,0,0,0
60,0,0,0
10.413,0,0,0
1.37804,0,0,0
8.70959,0,0,0
3.01811,0,0,0
60,0,0,0
4.40671,0,0,0
1.43169,0,0,0
7.61673,0,0,0
5.92676,0,0,0
9.41281,0,0,0
60,0,0,0
60,0,0,0
60,0,0,0
60,0,0,0
0.827706,0,0,0
60,0,0,0
60,0,0,0
60,0,0,0
1.06787,0,0,0
11.1884,0,0,0
3.75428,0,0,0
60,0,0,0
9.02561,0,0,0
10.1606,0,0,0
2.67427,0,0,0
11.2038,0,0,0
60,0,0,0
60,0,0,0
10.8676,0,0,0
3.59338,0,0,0
5.26094,0,0,0
60,0,0,0
60,0,0,0
16.677,0,0,0
5.03211,0,0,0
60,0,0,0
36.389,0,0,0
60,0,0,0
60,0,0,0
3.61696,0,0,0
60,0,0,0
60,0,0,0
9.80766,0,0,0
5.83602,0,0,0
8.82281,0,0,0
60,0,0,0
1.96891,0,0,0
60,0,0,0
6.56505,0,0,0
1.62098,0,0,0
60,0,0,0
60,0,0,0
9.97146,0,0,0
6.1911,0,0,0
60,0,0,0
60,0,0,0
60,0,0,0
60,0,0,0
60,0,0,0
60,0,0,0
60,0,0,0
11.2963,0,0,0
2.29086,0,0,0
60,0,0,0
3.7453,0,0,0
60,0,0,0
3.41883,0,0,0
3.49355,0,0,0
10.41,0,0,0
60,0,0,0
1.66697,0,0,0
60,0,0,0
60,0,0,0
60,0,0,0
60,0,0,0
5.26995,0,0,0
60,0,0,0
60,0,0,0
3.30477,0,0,0
5.50364,0,0,0
8.91717,0,0,0
7.83195,0,0,0
10.2122,0,0,0
8.0035,0,0,0
60,0,0,0
10.9426,0,0,0
3.52686,0,0,0
60,0,0,0
8.25169,0,0,0
1.19861,0,0,0
1.81535,0,0,0
4.90595,0,0,0
10.3623,0,0,0
8.92411,0,0,0
60,0,0,0
4.68507,0,0,0
4.71074,0,0,0
9.16631,0,0,0
60,0,0,0
10.7323,0,0,0
60,0,0,0
60,0,0,0
5.82046,0,0,0
60,0,0,0
60,0,0,0
60,0,0,0
60,0,0,0
2.34656,0,0,0
60,0,0,0
7.9717,0,0,0
6.10455,0,0,0
8.27015,0,0,0
60,0,0,0
60,0,0,0
60,0,0,0
60,0,0,0
60,0,0,0
60,0,0,0
3.73858,0,0,0
10.0777,0,0,0
60,0,0,0
7.68845,0,0,0
3.49034,0,0,0
2.16791,0,0,0
60,0,0,0
60,0,0,0
3.0919,0,0,0
5.88402,0,0,0
4.24096,0,0,0
60,0,0,0
11.1502,0,0,0
9.05326,0,0,0
60,0,0,0
0.784394,0,0,0
0.929757,0,0,0
60,0,0,0
5.45839,0,0,0
1.20456,0,0,0
9.82131,0,0,0
60,0,0,0
8.12739,0,0,0
60,0,0,0
60,0,0,0
7.47174,0,0,0
60,0,0,0
9.15451,0,0,0
60,0,0,0
60,0,0,0
60,0,0,0
10.0149,0,0,0
18.6881,0,0,0
0.545049,0,0,0
60,0,0,0
60,0,0,0
7.06933,0,0,0
60,0,0,0
60,0,0,0
4.5283,0,0,0
4.66675,0,0,0
8.59043,0,0,0
9.93458,0,0,0
10.7561,0,0,0
60,0,0,0
7.87036,0,0,0
5.19523,0,0,0
60,0,0,0
2.10365,0,0,0
60,0,0,0
9.82279,0,0,0
11.3083,0,0,0
60,0,0,0
5.09294,0,0,0
0.169614,0,0,0
60,0,0,0
9.27509,0,0,0
13.8201,0,0,0
60,0,0,0
8.33544,0,0,0
60,0,0,0
60,0,0,0
9.33335,0,0,0
60,0,0,0
11.375,0,0,0
60,0,0,0
8.97843,0,0,0
10.064,0,0,0
60,0,0,0
1.11888,0,0,0
2.45103,0,0,0
4.40123,0,0,0
17.6261,0,0,0
4.20491,0,0,0
9.45526,0,0,0
60,0,0,0
60,0,0,0
8.66268,0,0,0
60,0,0,0
10.0448,0,0,0
2.69007,0,0,0
60,0,0,0
2.37085,0,0,0
8.33559,0,0,0
9.8841,0,0,0
60,0,0,0
11.206,0,0,0
10.0984,0,0,0
60,0,0,0
10.4982,0,0,0
8.5751,0,0,0
10.5533,0,0,0
1.39706,0,0,0
10.0498,0,0,0
9.49844,0,0,0
60,0,0,0
1.94389,0,0,0
60,0,0,0
60,0,0,0
9.49666,0,0,0
60,0,0,0
60,0,0,0
10.4717,0,0,0
10.2042,0,0,0
60,0,0,0
0.608401,0,0,0
60,0,0,0
10.6567,0,0,0
60,0,0,0
60,0,0,0
6.43033,0,0,0
2.49987,0,0,0
0.938477,0,0,0
60,0,0,0
60,0,0,0
60,0,0,0
1.48402,0,0,0
2.50524,0,0,0
10.8852,0,0,0
8.46281,0,0,0
5.32641,0,0,0
8.92684,0,0,0
60,0,0,0
60,0,0,0
8.21705,0,0,0
3.41793,0,0,0
2.05706,0,0,0
60,0,0,0
10.196,0,0,0
60,0,0,0
11.3668,0,0,0
0.601065,0,0,0
7.69028,0,0,0
60,0,0,0
0.938827,0,0,0
60,0,0,0
60,0,0,0
60,0,0,0
36.438,0,0,0
60,0,0,0
60,0,0,0
5.37331,0,0,0
60,0,0,0
10.3036,0,0,0
0.104515,0,0,0
10.7471,0,0,0
10.9866,0,0,0
4.48047,0,0,0
6.5472,0,0,0
60,0,0,0
60,0,0,0
60,0,0,0
60,0,0,0
5.26397,0,0,0
60,0,0,0
60,0,0,0
6.45767,0,0,0
60,0,0,0
60,0,0,0
8.65346,0,0,0
3.25531,0,0,0
7.97279,0,0,0
60,0,0,0
0.297819,0,0,0
10.7835,0,0,0
1.52612,0,0,0
1.94224,0,0,0
5.15181,0,0,0
8.14353,0,0,0
5.40553,0,0,0
7.99416,0,0,0
60,0,0,0
60,0,0,0
3.99357,0,0,0
60,0,0,0
60,0,0,0
60,0,0,0
8.6155,0,0,0
1.57369,0,0,0
11.035,0,0,0
60,0,0,0
60,0,0,0
60,0,0,0
4.09556,0,0,0
60,0,0,0
7.41364,0,0,0
1.44356,0,0,0
60,0,0,0
60,0,0,0
11.2037,0,0,0
1.60474,0,0,0
2.29518,0,0,0
60,0,0,0
60,0,0,0
11.1802,0,0,0
60,0,0,0
0.242268,0,0,0
3.5272,0,0,0
10.9224,0,0,0
60,0,0,0
12.0022,0,0,0
60,0,0,0
9.17029,0,0,0
60,0,0,0
6.47987,0,0,0
60,0,0,0
11.2852,0,0,0
60,0,0,0
10.4128,0,0,0
7.59685,0,0,0
60,0,0,0
5.68756,0,0,0
60,0,0,0
60,0,0,0
10.495,0,0,0
6.46999,0,0,0
60,0,0,0
10.3451,0,0,0
60,0,0,0
1.87128,0,0,0
6.29934,0,0,0
60,0,0,0
60,0,0,0
60,0,0,0
3.16075,0,0,0
60,0,0,0
9.3722,0,0,0
11.3346,0,0,0
60,0,0,0
3.869,0,0,0
60,0,0,0
3.85642,0,0,0
1.97013,0,0,0
0.666371,0,0,0
9.20257,0,0,0
2.58704,0,0,0
60,0,0,0
60,0,0,0
0.163734,0,0,0
9.7073,0,0,0
60,0,0,0
3.15069,0,0,0
7.24335,0,0,0
9.42807,0,0,0
7.6494,0,0,0
10.3284,0,0,0
60,0,0,0
60,0,0,0
4.04545,0,0,0
6.51828,0,0,0
60,0,0,0
60,0,0,0
60,0,0,0
1.37388,0,0,0
8.11973,0,0,0
0.276118,0,0,0
8.70164,0,0,0
60,0,0,0
60,0,0,0
60,0,0,0
60,0,0,0
8.72127,0,0,0
60,0,0,0
2.24306,0,0,0
10.3495,0,0,0
60,0,0,0
60,0,0,0
0.43517,0,0,0
60,0,0,0
8.15713,0,0,0
60,0,0,0
60,0,0,0
0.93652,0,0,0
3.58596,0,0,0
60,0,0,0
10.2926,0,0,0
60,0,0,0
10.785,0,0,0
6.85784,0,0,0
60,0,0,0
60,0,0,0
60,0,0,0
8.17486,0,0,0
7.80811,0,0,0
6.58948,0,0,0
2.91371,0,0,0
3.22814,0,0,0
8.20408,0,0,0
60,0,0,0
8.11791,0,0,0
8.52445,0,0,0
13.5235,0,0,0
60,0,0,0
60,0,0,0
4.86741,0,0,0
60,0,0,0
10.4663,0,0,0
60,0,0,0
60,0,0,0
10.6374,0,0,0
60,0,0,0
0.447564,0,0,0
2.31584,0,0,0
60,0,0,0
60,0,0,0
3.57377,0,0,0
3.99063,0,0,0
2.75414,0,0,0
8.13322,0,0,0
10.9898,0,0,0
9.13238,0,0,0
60,0,0,0
11.264,0,0,0
60,0,0,0
60,0,0,0
6.93153,0,0,0
60,0,0,0
2.3037,0,0,0
0.158766,0,0,0
0.866775,0,0,0
60,0,0,0
60,0,0,0
60,0,0,0
60,0,0,0
60,0,0,0
60,0,0,0
4.83331,0,0,0
10.4469,0,0,0
9.70667,0,0,0
0.808432,0,0,0
0.245582,0,0,0
1.67518,0,0,0
60,0,0,0
4.79329,0,0,0
60,0,0,0
1.86992,0,0,0
60,0,0,0
8.8338,0,0,0
9.81271,0,0,0
47.309,0,0,0
60,0,0,0
2.73854,0,0,0
60,0,0,0
9.70577,0,0,0
2.1257,0,0,0
1.08206,0,0,0
60,0,0,0
0.491802,0,0,0
60,0,0,0
0.944642,0,0,0
60,0,0,0
60,0,0,0
2.11291,0,0,0
7.6849,0,0,0
60,0,0,0
60,0,0,0
60,0,0,0
11.3149,0,0,0
60,0,0,0
60,0,0,0
7.54903,0,0,0
6.49275,0,0,0
0.222767,0,0,0
5.67054,0,0,0
60,0,0,0
9.69039,0,0,0
60,0,0,0
60,0,0,0
7.41498,0,0,0
60,0,0,0
8.9606,0,0,0
4.56454,0,0,0
60,0,0,0
60,0,0,0
6.57709,0,0,0
1.9045,0,0,0
0.165908,0,0,0
5.54186,0,0,0
9.17179,0,0,0
60,0,0,0
0.31139,0,0,0
60,0,0,0
42.3264,0,0,0
0.314503,0,0,0
60,0,0,0
5.65077,0,0,0
60,0,0,0
60,0,0,0
3.25051,0,0,0
8.31805,0,0,0
5.4422,0,0,0
10.8684,0,0,0
60,0,0,0
8.5292,0,0,0
9.66387,0,0,0
60,0,0,0
60,0,0,0
2.38871,0,0,0
1.34308,0,0,0
9.75817,0,0,0
4.77967,0,0,0
60,0,0,0
4.00293,0,0,0
2.61617,0,0,0
60,0,0,0
60,0,0,0
3.68072,0,0,0
60,0,0,0
5.58422,0,0,0
4.8291,0,0,0
5.40665,0,0,0
60,0,0,0
10.1979,0,0,0
2.02103,0,0,0
6.30824,0,0,0
60,0,0,0
4.80902,0,0,0
8.97465,0,0,0
1.26066,0,0,0
60,0,0,0
1.10343,0,0,0
0.478094,0,0,0
60,0,0,0
10.4608,0,0,0
1.62869,0,0,0
1.477,0,0,0
10.0262,0,0,0
2.2717,0,0,0
11.0173,0,0,0
3.66867,0,0,0
5.93592,0,0,0
0.912819,0,0,0
60,0,0,0
60,0,0,0
11.1883,0,0,0
1.5069,0,0,0
3.05081,0,0,0
3.82435,0,0,0
60,0,0,0
60,0,0,0
0.303296,0,0,0
3.92385,0,0,0
60,0,0,0
60,0,0,0
2.71133,0,0,0
6.64048,0,0,0
60,0,0,0
10.9032,0,0,0
60,0,0,0
60,0,0,0
9.21393,0,0,0
8.04422,0,0,0
60,0,0,0
60,0,0,0
8.56334,0,0,0
2.56114,0,0,0
60,0,0,0
60,0,0,0
1.36717,0,0,0
3.50821,0,0,0
60,0,0,0
2.70851,0,0,0
60,0,0,0
4.7984,0,0,0
0.487726,0,0,0
60,0,0,0
7.52586,0,0,0
9.21605,0,0,0
60,0,0,0
60,0,0,0
10.2261,0,0,0
11.3864,0,0,0
60,0,0,0
60,0,0,0
8.36576,0,0,0
2.6131,0,0,0
4.71166,0,0,0
60,0,0,0
60,0,0,0
0.256664,0,0,0
4.61425,0,0,0
0.984216,0,0,0
1.30193,0,0,0
60,0,0,0
3.89427,0,0,0
11.152,0,0,0
60,0,0,0
1.86519,0,0,0
60,0,0,0
7.35075,0,0,0
10.9747,0,0,0
60,0,0,0
25.7834,0,0,0
60,0,0,0
9.18445,0,0,0
5.74815,0,0,0
60,0,0,0
0.990196,0,0,0
3.51204,0,0,0
10.7907,0,0,0
60,0,0,0
1.26815,0,0,0
3.31284,0,0,0
11.0509,0,0,0
1.40558,0,0,0
60,0,0,0
10.2647,0,0,0
7.31776,0,0,0
60,0,0,0
6.07682,0,0,0
9.03011,0,0,0
8.19358,0,0,0
60,0,0,0
60,0,0,0
7.43469,0,0,0
6.43383,0,0,0
60,0,0,0
6.78365,0,0,0
60,0,0,0
0.921274,0,0,0
8.81859,0,0,0
60,0,0,0
0.274834,0,0,0
11.176,0,0,0
11.0972,0,0,0
60,0,0,0
4.39462,0,0,0
60,0,0,0
60,0,0,0
60,0,0,0
60,0,0,0
4.38617,0,0,0
3.21939,0,0,0
10.4343,0,0,0
60,0,0,0
1.48355,0,0,0
7.38111,0,0,0
60,0,0,0
60,0,0,0
10.2961,0,0,0
0.573973,0,0,0
60,0,0,0
9.95869,0,0,0
10.9279,0,0,0
0.982085,0,0,0
60,0,0,0
60,0,0,0
4.47241,0,0,0
3.99606,0,0,0
3.22489,0,0,0
60,0,0,0
60,0,0,0
7.79138,0,0,0
60,0,0,0
10.9331,0,0,0
3.44557,0,0,0
5.75335,0,0,0
60,0,0,0
10.2308,0,0,0
60,0,0,0
60,0,0,0
7.44969,0,0,0
9.49002,0,0,0
60,0,0,0
60,0,0,0
60,0,0,0
10.183,0,0,0
60,0,0,0
60,0,0,0
9.57963,0,0,0
60,0,0,0
6.30496,0,0,0
60,0,0,0
39.183,0,0,0
0.850166,0,0,0
60,0,0,0
60,0,0,0
4.86126,0,0,0
8.73909,0,0,0
5.91845,0,0,0
60,0,0,0
4.74128,0,0,0
2.29306,0,0,0
60,0,0,0
60,0,0,0
60,0,0,0
60,0,0,0
8.9111,0,0,0
60,0,0,0
5.09258,0,0,0
60,0,0,0
0.632925,0,0,0
60,0,0,0
60,0,0,0
0.789665,0,0,0
4.85392,0,0,0
3.2168,0,0,0
60,0,0,0
5.58564,0,0,0
60,0,0,0
60,0,0,0
1.57234,0,0,0
60,0,0,0
1.21361,0,0,0
60,0,0,0
60,0,0,0
5.41489,0,0,0
60,0,0,0
0.868661,0,0,0
5.06563,0,0,0
1.04789,0,0,0
3.15932,0,0,0
60,0,0,0
3.27013,0,0,0
60,0,0,0
9.35797,0,0,0
3.88054,0,0,0
10.9865,0,0,0
10.362,0,0,0
10.6776,0,0,0
10.4432,0,0,0
60,0,0,0
60,0,0,0
6.00073,0,0,0
10.5393,0,0,0
10.6855,0,0,0
60,0,0,0
0.133017,0,0,0
4.87398,0,0,0
60,0,0,0
0.364568,0,0,0
1.50792,0,0,0
0.28122,0,0,0
1.92612,0,0,0
60,0,0,0
4.72451,0,0,0
9.67474,0,0,0
60,0,0,0
0.875461,0,0,0
2.41589,0,0,0
60,0,0,0
60,0,0,0
60,0,0,0
6.52772,0,0,0
7.87504,0,0,0
8.89007,0,0,0
8.11011,0,0,0
0.324566,0,0,0
7.9473,0,0,0
6.95915,0,0,0
10.1219,0,0,0
60,0,0,0
60,0,0,0
5.38117,0,0,0
60,0,0,0
9.69092,0,0,0
60,0,0,0
60,0,0,0
0.488184,0,0,0
60,0,0,0
3.92821,0,0,0
60,0,0,0
60,0,0,0
8.19514,0,0,0
60,0,0,0
1.72756,0,0,0
60,0,0,0
60,0,0,0
1.19428,0,0,0
6.98014,0,0,0
7.96101,0,0,0
6.77142,0,0,0
14.8989,0,0,0
60,0,0,0
9.34356,0,0,0
9.35773,0,0,0
8.9566,0,0,0
10.3344,0,0,0
5.49487,0,0,0
60,0,0,0
60,0,0,0
60,0,0,0
4.82711,0,0,0
11.1366,0,0,0
60,0,0,0
22.0085,0,0,0
60,0,0,0
60,0,0,0
60,0,0,0
6.98612,0,0,0
2.83256,0,0,0
60,0,0,0
4.01893,0,0,0
60,0,0,0
60,0,0,0
9.30475,0,0,0
3.28238,0,0,0
60,0,0,0
4.0652,0,0,0
4.01255,0,0,0
60,0,0,0
60,0,0,0
11.1171,0,0,0
60,0,0,0
60,0,0,0
60,0,0,0
60,0,0,0
60,0,0,0
60,0,0,0
0.571574,0,0,0
1.66763,0,0,0
60,0,0,0
60,0,0,0
60,0,0,0
60,0,0,0
11.1625,0,0,0
60,0,0,0
10.6257,0,0,0
60,0,0,0
60,0,0,0
60,0,0,0
60,0,0,0
1.0485,0,0,0
1.70365,0,0,0
60,0,0,0
60,0,0,0
1.23648,0,0,0
60,0,0,0
60,0,0,0
5.24894,0,0,0
10.7657,0,0,0
60,0,0,0
11.1674,0,0,0
60,0,0,0
2.58281,0,0,0
11.1681,0,0,0
10.9946,0,0,0
1.17947,0,0,0
60,0,0,0
60,0,0,0
10.1215,0,0,0
60,0,0,0
0.891414,0,0,0
1.21948,0,0,0
2.81075,0,0,0
11.1402,0,0,0
0.901157,0,0,0
60,0,0,0
60,0,0,0
10.1777,0,0,0
60,0,0,0
60,0,0,0
5.92412,0,0,0
9.91185,0,0,0
0.395446,0,0,0
60,0,0,0
60,0,0,0
4.60406,0,0,0
5.20777,0,0,0
11.3161,0,0,0
5.0058,0,0,0
4.53897,0,0,0
60,0,0,0
60,0,0,0
10.621,0,0,0
9.8214,0,0,0
60,0,0,0
0.488539,0,0,0
60,0,0,0
8.68934,0,0,0
0.238859,0,0,0
8.02182,0,0,0
0.743795,0,0,0
11.1507,0,0,0
60,0,0,0
60,0,0,0
1.48357,0,0,0
5.18721,0,0,0
2.2768,0,0,0
6.8775,0,0,0
5.54222,0,0,0
3.31967,0,0,0
60,0,0,0
60,0,0,0
60,0,0,0
1.61172,0,0,0
5.72465,0,0,0
0.843413,0,0,0
5.40513,0,0,0
60,0,0,0
60,0,0,0
60,0,0,0
3.57441,0,0,0
60,0,0,0
60,0,0,0
1.05961,0,0,0
60,0,0,0
0.635662,0,0,0
3.32414,0,0,0
60,0,0,0
1.89472,0,0,0
0.85065,0,0,0
60,0,0,0
10.3326,0,0,0
60,0,0,0
8.65535,0,0,0
60,0,0,0
1.59751,0,0,0
60,0,0,0
60,0,0,0
7.36529,0,0,0
10.0976,0,0,0
60,0,0,0
8.25479,0,0,0
60,0,0,0
6.47537,0,0,0
9.87639,0,0,0
60,0,0,0
60,0,0,0
60,0,0,0
10.6909,0,0,0
4.60609,0,0,0
60,0,0,0
60,0,0,0
60,0,0,0
60,0,0,0
6.93333,0,0,0
60,0,0,0
9.70312,0,0,0
60,0,0,0
10.9641,0,0,0
60,0,0,0
2.90692,0,0,0
60,0,0,0
8.04872,0,0,0
11.0017,0,0,0
1.02576,0,0,0
12.3533,0,0,0
60,0,0,0
60,0,0,0
10.7339,0,0,0
60,0,0,0
60,0,0,0
10.0418,0,0,0
10.8954,0,0,0
60,0,0,0
60,0,0,0
60,0,0,0
60,0,0,0
60,0,0,0
0.428806,0,0,0
60,0,0,0
2.41423,0,0,0
2.96989,0,0,0
60,0,0,0
60,0,0,0
60,0,0,0
6.37136,0,0,0
0.7609,0,0,0
60,0,0,0
60,0,0,0
60,0,0,0
60,0,0,0
60,0,0,0
10.4138,0,0,0
5.76507,0,0,0
3.67511,0,0,0
60,0,0,0
60,0,0,0
60,0,0,0
60,0,0,0
60,0,0,0
60,0,0,0
2.30775,0,0,0
10.4577,0,0,0
60,0,0,0
60,0,0,0
7.15715,0,0,0
10.0319,0,0,0
60,0,0,0
8.74443,0,0,0
60,0,0,0
5.55777,0,0,0
6.96471,0,0,0
7.04622,0,0,0
6.09568,0,0,0
60,0,0,0
4.83369,0,0,0
60,0,0,0
60,0,0,0
4.28385,0,0,0
4.88889,0,0,0
60,0,0,0
60,0,0,0
60,0,0,0
60,0,0,0
11.1064,0,0,0
60,0,0,0
60,0,0,0
6.74849,0,0,0
4.29271,0,0,0
3.59695,0,0,0
60,0,0,0
2.45203,0,0,0
8.63587,0,0,0
60,0,0,0
1.59255,0,0,0
2.58645,0,0,0
8.1633,0,0,0
9.26036,0,0,0
3.90995,0,0,0
1.60558,0,0,0
60,0,0,0
7.26703,0,0,0
60,0,0,0
60,0,0,0
60,0,0,0
60,0,0,0
60,0,0,0
60,0,0,0
60,0,0,0
60,0,0,0
9.77599,0,0,0
60,0,0,0
60,0,0,0
11.2172,0,0,0
2.03456,0,0,0
10.7388,0,0,0
0.641081,0,0,0
0.168299,0,0,0
11.2125,0,0,0
2.08499,0,0,0
0.887348,0,0,0
0.957751,0,0,0
60,0,0,0
60,0,0,0
60,0,0,0
60,0,0,0
5.30774,0,0,0
60,0,0,0
2.12886,0,0,0
60,0,0,0
60,0,0,0
2.09172,0,0,0
60,0,0,0
60,0,0,0
2.90796,0,0,0
11.037,0,0,0
60,0,0,0
60,0,0,0
4.37165,0,0,0
8.98687,0,0,0
10.1884,0,0,0
4.61712,0,0,0
60,0,0,0
60,0,0,0
7.97194,0,0,0
9.63572,0,0,0
60,0,0,0
60,0,0,0
60,0,0,0
6.2576,0,0,0
60,0,0,0
9.97717,0,0,0
11.1032,0,0,0
8.7991,0,0,0
60,0,0,0
9.27287,0,0,0
1.89667,0,0,0
60,0,0,0
1.80358,0,0,0
60,0,0,0
9.35013,0,0,0
5.20421,0,0,0
5.62712,0,0,0
60,0,0,0
10.1503,0,0,0
0.200423,0,0,0
3.94707,0,0,0
10.4089,0,0,0
9.6504,0,0,0
5.87284,0,0,0
0.273657,0,0,0
5.52711,0,0,0
60,0,0,0
60,0,0,0
60,0,0,0
10.2476,0,0,0
60,0,0,0
5.55209,0,0,0
11.2557,0,0,0
60,0,0,0
60,0,0,0
3.42322,0,0,0
60,0,0,0
0.109057,0,0,0
10.706,0,0,0
8.18146,0,0,0
60,0,0,0
7.49915,0,0,0
60,0,0,0
5.75614,0,0,0
7.6648,0,0,0
8.82137,0,0,0
60,0,0,0
60,0,0,0
60,0,0,0
9.45101,0,0,0
4.3103,0,0,0
11.3291,0,0,0
9.42801,0,0,0
3.63496,0,0,0
60,0,0,0
60,0,0,0
60,0,0,0
60,0,0,0
4.10529,0,0,0
24.0808,0,0,0
9.95942,0,0,0
11.2808,0,0,0
60,0,0,0
3.96644,0,0,0
60,0,0,0
60,0,0,0
60,0,0,0
60,0,0,0
11.155,0,0,0
8.15629,0,0,0
60,0,0,0
60,0,0,0
60,0,0,0
0.674542,0,0,0
60,0,0,0
60,0,0,0
10.5436,0,0,0
60,0,0,0
9.62115,0,0,0
60,0,0,0
60,0,0,0
60,0,0,0
60,0,0,0
7.92059,0,0,0
60,0,0,0
60,0,0,0
60,0,0,0
0.455248,0,0,0
60,0,0,0
5.94383,0,0,0
1.426,0,0,0
60,0,0,0
60,0,0,0
0.30545,0,0,0
10.8954,0,0,0
10.1193,0,0,0
7.71723,0,0,0
60,0,0,0
6.99051,0,0,0
60,0,0,0
8.68814,0,0,0
1.05531,0,0,0
60,0,0,0
60,0,0,0
60,0,0,0
0.391152,0,0,0
1.83382,0,0,0
60,0,0,0
10.2241,0,0,0
60,0,0,0
1.61149,0,0,0
2.44058,0,0,0
60,0,0,0
60,0,0,0
60,0,0,0
2.52273,0,0,0
0.279466,0,0,0
2.04143,0,0,0
0.555422,0,0,0
60,0,0,0
60,0,0,0
9.41132,0,0,0
60,0,0,0
60,0,0,0
4.39575,0,0,0
7.22095,0,0,0
11.2633,0,0,0
60,0,0,0
60,0,0,0
3.2808,0,0,0
4.43856,0,0,0
2.4665,0,0,0
60,0,0,0
2.71513,0,0,0
9.1676,0,0,0
1.11453,0,0,0
0.874489,0,0,0
5.64177,0,0,0
60,0,0,0
7.6672,0,0,0
8.87783,0,0,0
60,0,0,0
60,0,0,0
2.69689,0,0,0
26.1972,0,0,0
9.95343,0,0,0
4.64458,0,0,0
60,0,0,0
60,0,0,0
60,0,0,0
60,0,0,0
9.50719,0,0,0
60,0,0,0
9.46074,0,0,0
0.113294,0,0,0
1.66046,0,0,0
4.42706,0,0,0
60,0,0,0
6.75511,0,0,0
6.54658,0,0,0
1.62365,0,0,0
60,0,0,0
7.58045,0,0,0
7.96377,0,0,0
2.84751,0,0,0
60,0,0,0
60,0,0,0
60,0,0,0
60,0,0,0
60,0,0,0
16.4483,0,0,0
7.33296,0,0,0
1.96999,0,0,0
60,0,0,0
60,0,0,0
60,0,0,0
60,0,0,0
5.05977,0,0,0
60,0,0,0
60,0,0,0
2.69741,0,0,0
9.76849,0,0,0
0.913051,0,0,0
60,0,0,0
1.58714,0,0,0
7.30321,0,0,0
60,0,0,0
60,0,0,0
10.9767,0,0,0
8.19139,0,0,0
14.8703,0,0,0
60,0,0,0
60,0,0,0
1.78143,0,0,0
60,0,0,0
10.6609,0,0,0
60,0,0,0
3.67273,0,0,0
60,0,0,0
1.28972,0,0,0
60,0,0,0
60,0,0,0
60,0,0,0
3.19453,0,0,0
60,0,0,0
3.41512,0,0,0
6.07486,0,0,0
60,0,0,0
11.2464,0,0,0
5.99163,0,0,0
60,0,0,0
60,0,0,0
3.08489,0,0,0
8.07592,0,0,0
60,0,0,0
60,0,0,0
5.09679,0,0,0
8.89203,0,0,0
3.26113,0,0,0
1.03883,0,0,0
8.90168,0,0,0
11.0749,0,0,0
10.302,0,0,0
10.5204,0,0,0
60,0,0,0
60,0,0,0
11.1794,0,0,0
0.729402,0,0,0
2.19338,0,0,0
2.30308,0,0,0
60,0,0,0
8.86148,0,0,0
60,0,0,0
60,0,0,0
4.22519,0,0,0
20.0827,0,0,0
1.19143,0,0,0
60,0,0,0
60,0,0,0
60,0,0,0
60,0,0,0
60,0,0,0
60,0,0,0
7.05828,0,0,0
60,0,0,0
10.5252,0,0,0
2.48283,0,0,0
0.680199,0,0,0
60,0,0,0
0.965059,0,0,0
6.10162,0,0,0
0.204761,0,0,0
10.6379,0,0,0
60,0,0,0
60,0,0,0
5.77012,0,0,0
60,0,0,0
60,0,0,0
4.59075,0,0,0
60,0,0,0
60,0,0,0
8.55352,0,0,0
60,0,0,0
60,0,0,0
60,0,0,0
9.75315,0,0,0
0.882091,0,0,0
10.7154,0,0,0
3.62863,0,0,0
2.98592,0,0,0
60,0,0,0
60,0,0,0
9.34717,0,0,0
60,0,0,0
3.91072,0,0,0
60,0,0,0
8.09704,0,0,0
7.74096,0,0,0
60,0,0,0
1.49196,0,0,0
60,0,0,0
3.42976,0,0,0
0.670941,0,0,0
60,0,0,0
60,0,0,0
4.44413,0,0,0
3.36403,0,0,0
3.89981,0,0,0
1.85588,0,0,0
60,0,0,0
60,0,0,0
0.861436,0,0,0
0.483982,0,0,0
60,0,0,0
60,0,0,0
60,0,0,0
1.93933,0,0,0
0.955949,0,0,0
60,0,0,0
60,0,0,0
10.5866,0,0,0
1.52836,0,0,0
2.39315,0,0,0
60,0,0,0
9.93891,0,0,0
4.92153,0,0,0
9.76024,0,0,0
60,0,0,0
60,0,0,0
60,0,0,0
60,0,0,0
60,0,0,0
3.17816,0,0,0
60,0,0,0
7.13164,0,0,0
60,0,0,0
60,0,0,0
60,0,0,0
3.36756,0,0,0
60,0,0,0
60,0,0,0
0.415055,0,0,0
60,0,0,0
60,0,0,0
60,0,0,0
60,0,0,0
5.92507,0,0,0
60,0,0,0
60,0,0,0
60,0,0,0
11.2104,0,0,0
4.20353,0,0,0
7.43807,0,0,0
60,0,0,0
9.81915,0,0,0
4.61253,0,0,0
60,0,0,0
0.387092,0,0,0
0.176089,0,0,0
60,0,0,0
60,0,0,0
8.85225,0,0,0
6.45475,0,0,0
5.36559,0,0,0
60,0,0,0
11.0196,0,0,0
60,0,0,0
11.2271,0,0,0
7.6733,0,0,0
60,0,0,0
2.38658,0,0,0
10.8042,0,0,0
60,0,0,0
6.67445,0,0,0
7.43001,0,0,0
60,0,0,0
60,0,0,0
11.3998,0,0,0
5.25559,0,0,0
10.1703,0,0,0
1.17818,0,0,0
1.9902,0,0,0
60,0,0,0
3.51203,0,0,0
0.856858,0,0,0
1.2694,0,0,0
60,0,0,0
60,0,0,0
60,0,0,0
60,0,0,0
1.47209,0,0,0
60,0,0,0
10.7145,0,0,0
1.97035,0,0,0
60,0,0,0
60,0,0,0
4.0299,0,0,0
0.499374,0,0,0
1.06422,0,0,0
0.660617,0,0,0
60,0,0,0
60,0,0,0
60,0,0,0
7.27221,0,0,0
60,0,0,0
1.05533,0,0,0
60,0,0,0
0.533248,0,0,0
60,0,0,0
6.09858,0,0,0
6.9857,0,0,0
5.82346,0,0,0
60,0,0,0
11.2201,0,0,0
6.44234,0,0,0
60,0,0,0
60,0,0,0
2.13309,0,0,0
6.73015,0,0,0
2.46532,0,0,0
6.77834,0,0,0
7.89223,0,0,0
60,0,0,0
60,0,0,0
2.05257,0,0,0
60,0,0,0
60,0,0,0
0.616109,0,0,0
60,0,0,0
9.99319,0,0,0
3.81589,0,0,0
1.85055,0,0,0
3.44251,0,0,0
60,0,0,0
5.88574,0,0,0
7.23564,0,0,0
9.24445,0,0,0
60,0,0,0
11.3625,0,0,0
10.7756,0,0,0
60,0,0,0
60,0,0,0
9.52701,0,0,0
60,0,0,0
6.22857,0,0,0
60,0,0,0
2.40533,0,0,0
1.33475,0,0,0
60,0,0,0
0.92639,0,0,0
3.1513,0,0,0
60,0,0,0
60,0,0,0
60,0,0,0
9.31406,0,0,0
11.1137,0,0,0
60,0,0,0
8.45084,0,0,0
9.273,0,0,0
5.34539,0,0,0
60,0,0,0
60,0,0,0
60,0,0,0
60,0,0,0
9.78777,0,0,0
6.53954,0,0,0
7.8209,0,0,0
11.0101,0,0,0
60,0,0,0
7.01753,0,0,0
3.02011,0,0,0
4.89133,0,0,0
9.21246,0,0,0
8.89211,0,0,0
7.74281,0,0,0
10.4465,0,0,0
1.44532,0,0,0
60,0,0,0
60,0,0,0
1.00325,0,0,0
60,0,0,0
3.72425,0,0,0
5.57041,0,0,0
0.174008,0,0,0
60,0,0,0
60,0,0,0
60,0,0,0
0.489472,0,0,0
60,0,0,0
60,0,0,0
60,0,0,0
60,0,0,0
8.20828,0,0,0
60,0,0,0
4.30244,0,0,0
1.0741,0,0,0
60,0,0,0
9.15864,0,0,0
2.19989,0,0,0
60,0,0,0
4.86308,0,0,0
60,0,0,0
10.0768,0,0,0
60,0,0,0
60,0,0,0
7.42772,0,0,0
10.7716,0,0,0
4.92383,0,0,0
1.21192,0,0,0
2.84806,0,0,0
60,0,0,0
8.32201,0,0,0
60,0,0,0
11.318,0,0,0
60,0,0,0
60,0,0,0
8.8558,0,0,0
3.96319,0,0,0
7.91943,0,0,0
9.98992,0,0,0
10.7519,0,0,0
60,0,0,0
60,0,0,0
60,0,0,0
6.56158,0,0,0
3.22749,0,0,0
10.971,0,0,0
10.1806,0,0,0
60,0,0,0
60,0,0,0
60,0,0,0
4.83394,0,0,0
60,0,0,0
60,0,0,0
9.52685,0,0,0
60,0,0,0
60,0,0,0
60,0,0,0
60,0,0,0
60,0,0,0
60,0,0,0
1.75295,0,0,0
9.74968,0,0,0
2.37553,0,0,0
60,0,0,0
60,0,0,0
6.15102,0,0,0
2.8292,0,0,0
60,0,0,0
60,0,0,0
60,0,0,0
27.2611,0,0,0
60,0,0,0
60,0,0,0
7.50906,0,0,0
60,0,0,0
60,0,0,0
1.03397,0,0,0
60,0,0,0
60,0,0,0
11.234,0,0,0
10.2678,0,0,0
10.5937,0,0,0
0.889003,0,0,0
60,0,0,0
4.85009,0,0,0
60,0,0,0
6.20374,0,0,0
60,0,0,0
0.962471,0,0,0
1.94664,0,0,0
6.82316,0,0,0
1.29696,0,0,0
4.15702,0,0,0
60,0,0,0
7.12695,0,0,0
60,0,0,0
4.24497,0,0,0
49.2156,0,0,0
0.19099,0,0,0
60,0,0,0
2.59236,0,0,0
26.6737,0,0,0
60,0,0,0
60,0,0,0
60,0,0,0
0.139339,0,0,0
60,0,0,0
60,0,0,0
11.2677,0,0,0
60,0,0,0
60,0,0,0
1.54398,0,0,0
60,0,0,0
60,0,0,0
8.68908,0,0,0
60,0,0,0
60,0,0,0
0.952373,0,0,0
7.73864,0,0,0
60,0,0,0
60,0,0,0
0.559585,0,0,0
9.02923,0,0,0
9.16784,0,0,0
60,0,0,0
1.7187,0,0,0
10.9577,0,0,0
4.30752,0,0,0
1.39264,0,0,0
10.6724,0,0,0
7.85009,0,0,0
60,0,0,0
60,0,0,0
10.2843,0,0,0
60,0,0,0
10.4361,0,0,0
60,0,0,0
60,0,0,0
1.47794,0,0,0
11.3726,0,0,0
10.6405,0,0,0
60,0,0,0
60,0,0,0
23.2455,0,0,0
9.90927,0,0,0
9.63439,0,0,0
9.82002,0,0,0
4.75592,0,0,0
60,0,0,0
60,0,0,0
8.4886,0,0,0
8.42222,0,0,0
2.56698,0,0,0
60,0,0,0
0.945914,0,0,0
60,0,0,0
10.765,0,0,0
8.20977,0,0,0
2.51625,0,0,0
10.8176,0,0,0
60,0,0,0
2.41001,0,0,0
60,0,0,0
10.9372,0,0,0
60,0,0,0
8.76488,0,0,0
2.62572,0,0,0
10.2928,0,0,0
60,0,0,0
1.32057,0,0,0
60,0,0,0
60,0,0,0
60,0,0,0
5.60972,0,0,0
60,0,0,0
2.61639,0,0,0
9.37468,0,0,0
3.91732,0,0,0
60,0,0,0
0.690889,0,0,0
60,0,0,0
60,0,0,0
5.83516,0,0,0
4.51242,0,0,0
60,0,0,0
2.28421,0,0,0
8.3485,0,0,0
60,0,0,0
60,0,0,0
60,0,0,0
6.10325,0,0,0
5.37724,0,0,0
60,0,0,0
7.05839,0,0,0
60,0,0,0
1.23116,0,0,0
1.80488,0,0,0
60,0,0,0
11.4081,0,0,0
60,0,0,0
8.78928,0,0,0
60,0,0,0
60,0,0,0
6.94648,0,0,0
7.32589,0,0,0
0.605808,0,0,0
5.72493,0,0,0
60,0,0,0
6.05567,0,0,0
10.8833,0,0,0
0.856346,0,0,0
7.96497,0,0,0
2.43754,0,0,0
60,0,0,0
5.80257,0,0,0
60,0,0,0
60,0,0,0
60,0,0,0
60,0,0,0
3.54957,0,0,0
60,0,0,0
8.92805,0,0,0
2.58338,0,0,0
1.17463,0,0,0
1.79269,0,0,0
60,0,0,0
60,0,0,0
60,0,0,0
1.85986,0,0,0
60,0,0,0
6.55362,0,0,0
60,0,0,0
2.25145,0,0,0
5.79548,0,0,0
60,0,0,0
11.1601,0,0,0
1.40937,0,0,0
8.02766,0,0,0
3.33488,0,0,0
60,0,0,0
60,0,0,0
60,0,0,0
18.5752,0,0,0
8.78451,0,0,0
60,0,0,0
60,0,0,0
60,0,0,0
11.0002,0,0,0
60,0,0,0
6.3845,0,0,0
60,0,0,0
60,0,0,0
4.09907,0,0,0
0.342599,0,0,0
3.2549,0,0,0
60,0,0,0
10.9799,0,0,0
60,0,0,0
60,0,0,0
60,0,0,0
10.0344,0,0,0
2.03293,0,0,0
2.53292,0,0,0
10.1255,0,0,0
1.75307,0,0,0
7.43065,0,0,0
60,0,0,0
60,0,0,0
10.2149,0,0,0
3.57773,0,0,0
4.47363,0,0,0
1.10215,0,0,0
60,0,0,0
