EnergyDepositedInSi, SourceZ, SiAngleOffAxis, AbsorberThickness
48.01,0,0,0
26.1101,0,0,0
107.156,0,0,0
9.29844,0,0,0
13.4795,0,0,0
195.41,0,0,0
13.7981,0,0,0
20.566,0,0,0
4.98636,0,0,0
46.3348,0,0,0
6.30951,0,0,0
34.0519,0,0,0
302.385,0,0,0
89.2671,0,0,0
342.686,0,0,0
28.6829,0,0,0
89.1458,0,0,0
420.489,0,0,0
130.54,0,0,0
87.6404,0,0,0
52.3795,0,0,0
22.2351,0,0,0
52.4109,0,0,0
21.6969,0,0,0
248.985,0,0,0
366.638,0,0,0
73.3092,0,0,0
172.2,0,0,0
34.0504,0,0,0
358.727,0,0,0
67.849,0,0,0
57.8518,0,0,0
83.3818,0,0,0
35.7147,0,0,0
26.1899,0,0,0
9.33487,0,0,0
67.5195,0,0,0
62.1312,0,0,0
69.1843,0,0,0
89.5436,0,0,0
40.1731,0,0,0
62.3436,0,0,0
73.2895,0,0,0
3.41021,0,0,0
22.0021,0,0,0
148.039,0,0,0
51.7119,0,0,0
63.8314,0,0,0
291.025,0,0,0
67.7709,0,0,0
183.734,0,0,0
13.7163,0,0,0
146.969,0,0,0
264,0,0,0
0.949792,0,0,0
49.0683,0,0,0
159.742,0,0,0
60.5001,0,0,0
23.6715,0,0,0
39.8684,0,0,0
161.668,0,0,0
5.73689,0,0,0
49.0117,0,0,0
92.1187,0,0,0
94.0087,0,0,0
37.9369,0,0,0
186.268,0,0,0
51.3284,0,0,0
26.1295,0,0,0
33.9342,0,0,0
38.7876,0,0,0
94.8295,0,0,0
303.808,0,0,0
5.4569,0,0,0
27.7332,0,0,0
156.529,0,0,0
10.6147,0,0,0
46.7757,0,0,0
120.767,0,0,0
9.2544,0,0,0
34.5707,0,0,0
74.7911,0,0,0
41.7083,0,0,0
127.888,0,0,0
6.00606,0,0,0
35.62,0,0,0
29.7185,0,0,0
324.853,0,0,0
78.8649,0,0,0
628.966,0,0,0
41.0672,0,0,0
60.6317,0,0,0
10.0348,0,0,0
32.0337,0,0,0
115.4,0,0,0
11.7859,0,0,0
19.0091,0,0,0
323.723,0,0,0
232.822,0,0,0
40.0162,0,0,0
38.3839,0,0,0
3.01093,0,0,0
69.6058,0,0,0
7.69577,0,0,0
74.4696,0,0,0
404.44,0,0,0
46.2054,0,0,0
36.2914,0,0,0
46.3708,0,0,0
35.4822,0,0,0
54.8451,0,0,0
41.8003,0,0,0
36.3583,0,0,0
63.975,0,0,0
44.6189,0,0,0
44.1213,0,0,0
64.3345,0,0,0
28.1713,0,0,0
113.455,0,0,0
41.6831,0,0,0
90.5428,0,0,0
8.51711,0,0,0
54.5017,0,0,0
43.7906,0,0,0
73.3901,0,0,0
57.5637,0,0,0
26.0279,0,0,0
105.841,0,0,0
5.38959,0,0,0
144.553,0,0,0
5.18798,0,0,0
90.37,0,0,0
52.2117,0,0,0
22.6158,0,0,0
158.962,0,0,0
46.4161,0,0,0
96.7677,0,0,0
90.8395,0,0,0
76.5309,0,0,0
35.6797,0,0,0
31.1204,0,0,0
188.604,0,0,0
161.024,0,0,0
31.6335,0,0,0
155.935,0,0,0
91.6452,0,0,0
16.7579,0,0,0
74.5699,0,0,0
0.718494,0,0,0
67.9263,0,0,0
41.5001,0,0,0
653.104,0,0,0
40.4817,0,0,0
5.5229,0,0,0
274.774,0,0,0
82.6081,0,0,0
486.803,0,0,0
99.3183,0,0,0
85.8348,0,0,0
35.2981,0,0,0
117.461,0,0,0
98.7091,0,0,0
37.2353,0,0,0
560.941,0,0,0
204.368,0,0,0
326.861,0,0,0
44.052,0,0,0
4.97472,0,0,0
101.88,0,0,0
209.28,0,0,0
3.12128,0,0,0
37.4252,0,0,0
24.285,0,0,0
43.4303,0,0,0
252.705,0,0,0
78.9026,0,0,0
370.805,0,0,0
170.794,0,0,0
87.7878,0,0,0
25.0713,0,0,0
19.6481,0,0,0
27.1665,0,0,0
414.505,0,0,0
53.8496,0,0,0
279.107,0,0,0
26.1726,0,0,0
27.3302,0,0,0
59.7842,0,0,0
80.6427,0,0,0
34.002,0,0,0
144.591,0,0,0
45.5939,0,0,0
94.4468,0,0,0
214.716,0,0,0
27.234,0,0,0
203.136,0,0,0
7.69499,0,0,0
371.542,0,0,0
75.9248,0,0,0
382.815,0,0,0
5.90205,0,0,0
326.42,0,0,0
78.6449,0,0,0
31.8078,0,0,0
11.5943,0,0,0
9.38009,0,0,0
29.5538,0,0,0
276.061,0,0,0
16.331,0,0,0
20.431,0,0,0
456.813,0,0,0
56.9609,0,0,0
47.7203,0,0,0
350.536,0,0,0
139.068,0,0,0
62.1885,0,0,0
44.5203,0,0,0
83.106,0,0,0
90.1433,0,0,0
276.619,0,0,0
37.7778,0,0,0
6.46155,0,0,0
75.4406,0,0,0
15.7671,0,0,0
36.5263,0,0,0
0.407609,0,0,0
56.1161,0,0,0
272.11,0,0,0
54.8591,0,0,0
10.9346,0,0,0
38.8315,0,0,0
17.7714,0,0,0
87.2768,0,0,0
75.9477,0,0,0
67.5184,0,0,0
303.265,0,0,0
47.9912,0,0,0
47.1744,0,0,0
389.012,0,0,0
202.802,0,0,0
21.0808,0,0,0
19.772,0,0,0
112.922,0,0,0
55.9557,0,0,0
12.9197,0,0,0
56.8275,0,0,0
74.7305,0,0,0
364.236,0,0,0
67.4974,0,0,0
396.34,0,0,0
66.8986,0,0,0
165.804,0,0,0
126.88,0,0,0
70.5912,0,0,0
31.5042,0,0,0
0.301008,0,0,0
309.704,0,0,0
107.642,0,0,0
63.011,0,0,0
27.1689,0,0,0
144.198,0,0,0
16.1602,0,0,0
23.8536,0,0,0
46.1251,0,0,0
25.4931,0,0,0
32.9032,0,0,0
130.766,0,0,0
9.08586,0,0,0
176.303,0,0,0
87.8518,0,0,0
96.6356,0,0,0
83.9784,0,0,0
56.501,0,0,0
310.319,0,0,0
8.36919,0,0,0
12.5446,0,0,0
140.202,0,0,0
19.871,0,0,0
39.7734,0,0,0
10.447,0,0,0
270.13,0,0,0
24.8212,0,0,0
103.175,0,0,0
26.4459,0,0,0
43.3476,0,0,0
2.12971,0,0,0
43.7609,0,0,0
73.7801,0,0,0
67.2854,0,0,0
166.155,0,0,0
26.0623,0,0,0
80.7318,0,0,0
7.70928,0,0,0
99.457,0,0,0
80.7601,0,0,0
72.5154,0,0,0
6.23356,0,0,0
52.0389,0,0,0
35.1354,0,0,0
14.6666,0,0,0
485.932,0,0,0
81.0338,0,0,0
57.7729,0,0,0
25.7863,0,0,0
347.289,0,0,0
97.4998,0,0,0
8.54287,0,0,0
28.7882,0,0,0
5.79425,0,0,0
94.8563,0,0,0
34.1495,0,0,0
82.2306,0,0,0
11.0006,0,0,0
27.2572,0,0,0
68.505,0,0,0
241.965,0,0,0
10.5574,0,0,0
21.6062,0,0,0
49.0818,0,0,0
11.8099,0,0,0
99.4974,0,0,0
39.3979,0,0,0
61.0068,0,0,0
60.6908,0,0,0
589.024,0,0,0
30.8046,0,0,0
75.9119,0,0,0
88.3895,0,0,0
5.63915,0,0,0
72.1511,0,0,0
482.557,0,0,0
74.295,0,0,0
46.0294,0,0,0
79.4645,0,0,0
101.378,0,0,0
15.9272,0,0,0
84.4405,0,0,0
32.4735,0,0,0
26.9608,0,0,0
23.5527,0,0,0
15.2338,0,0,0
149.438,0,0,0
146.866,0,0,0
33.3289,0,0,0
2.13913,0,0,0
8.1334,0,0,0
419.18,0,0,0
18.8345,0,0,0
26.8083,0,0,0
94.5463,0,0,0
322.911,0,0,0
33.031,0,0,0
80.5055,0,0,0
70.7534,0,0,0
71.2962,0,0,0
63.1083,0,0,0
90.232,0,0,0
17.08,0,0,0
105.505,0,0,0
303.709,0,0,0
70.8495,0,0,0
52.3139,0,0,0
49.932,0,0,0
43.1434,0,0,0
198.281,0,0,0
127.166,0,0,0
49.7268,0,0,0
162.962,0,0,0
73.0703,0,0,0
23.0857,0,0,0
88.0211,0,0,0
65.9544,0,0,0
78.355,0,0,0
92.4348,0,0,0
175.919,0,0,0
7.37803,0,0,0
60.6456,0,0,0
18.4791,0,0,0
26.1563,0,0,0
99.1136,0,0,0
12.9317,0,0,0
128.613,0,0,0
92.7058,0,0,0
34.4712,0,0,0
104.238,0,0,0
248.088,0,0,0
95.9629,0,0,0
202.854,0,0,0
394.114,0,0,0
99.1889,0,0,0
289.042,0,0,0
32.36,0,0,0
40.8229,0,0,0
545.914,0,0,0
36.4541,0,0,0
79.9016,0,0,0
55.0078,0,0,0
120.373,0,0,0
0.981132,0,0,0
18.2156,0,0,0
60.8291,0,0,0
63.4448,0,0,0
84.715,0,0,0
65.7042,0,0,0
16.9026,0,0,0
77.2573,0,0,0
136.06,0,0,0
72.6642,0,0,0
69.878,0,0,0
41.6912,0,0,0
65.9268,0,0,0
182.748,0,0,0
79.0956,0,0,0
133.585,0,0,0
57.6464,0,0,0
220.742,0,0,0
300.499,0,0,0
22.969,0,0,0
122.853,0,0,0
225.21,0,0,0
224.875,0,0,0
30.421,0,0,0
204.657,0,0,0
182.974,0,0,0
137.225,0,0,0
20.3443,0,0,0
80.1074,0,0,0
24.8478,0,0,0
24.0855,0,0,0
15.1196,0,0,0
20.1075,0,0,0
47.598,0,0,0
136.777,0,0,0
31.9467,0,0,0
94.3196,0,0,0
117.694,0,0,0
69.962,0,0,0
151.756,0,0,0
133.106,0,0,0
49.304,0,0,0
106.55,0,0,0
23.8816,0,0,0
70.5004,0,0,0
5.99552,0,0,0
9.5951,0,0,0
98.8043,0,0,0
68.4069,0,0,0
74.7658,0,0,0
168.71,0,0,0
45.954,0,0,0
16.9193,0,0,0
26.9826,0,0,0
60.617,0,0,0
127.642,0,0,0
364.2,0,0,0
69.7864,0,0,0
5.60611,0,0,0
47.7828,0,0,0
105.482,0,0,0
58.5325,0,0,0
100.412,0,0,0
231.77,0,0,0
26.1271,0,0,0
25.6815,0,0,0
18.2859,0,0,0
34.6501,0,0,0
89.9518,0,0,0
135.958,0,0,0
52.8244,0,0,0
7.9552,0,0,0
123.99,0,0,0
4.22347,0,0,0
4.68592,0,0,0
42.1949,0,0,0
37.8209,0,0,0
34.2301,0,0,0
64.9964,0,0,0
206.962,0,0,0
85.9573,0,0,0
160.271,0,0,0
530.035,0,0,0
37.5609,0,0,0
87.8204,0,0,0
87.1739,0,0,0
29.9653,0,0,0
37.6672,0,0,0
34.2524,0,0,0
36.7756,0,0,0
117.222,0,0,0
93.2982,0,0,0
2.17739,0,0,0
28.5052,0,0,0
96.7918,0,0,0
64.7056,0,0,0
216.955,0,0,0
27.1771,0,0,0
106.984,0,0,0
218.539,0,0,0
106.491,0,0,0
26.9826,0,0,0
88.496,0,0,0
44.7242,0,0,0
156.224,0,0,0
4.01375,0,0,0
49.2553,0,0,0
223.777,0,0,0
13.8361,0,0,0
88.8297,0,0,0
115.561,0,0,0
5.51314,0,0,0
7.10991,0,0,0
7.6802,0,0,0
79.1637,0,0,0
100.717,0,0,0
48.8742,0,0,0
72.4926,0,0,0
26.2947,0,0,0
57.6255,0,0,0
31.4434,0,0,0
4.14193,0,0,0
287.971,0,0,0
45.8328,0,0,0
29.258,0,0,0
22.1815,0,0,0
145.22,0,0,0
76.7169,0,0,0
195.018,0,0,0
15.1505,0,0,0
6.24001,0,0,0
44.014,0,0,0
121.884,0,0,0
52.8606,0,0,0
82.6815,0,0,0
131.577,0,0,0
75.5347,0,0,0
18.4526,0,0,0
14.9421,0,0,0
191.373,0,0,0
0.912341,0,0,0
146.24,0,0,0
108.14,0,0,0
829.087,0,0,0
152.638,0,0,0
208.4,0,0,0
17.2759,0,0,0
93.3532,0,0,0
58.1168,0,0,0
53.517,0,0,0
99.2877,0,0,0
83.1627,0,0,0
18.09,0,0,0
32.1123,0,0,0
88.2934,0,0,0
68.2122,0,0,0
38.5579,0,0,0
246.637,0,0,0
34.5073,0,0,0
62.497,0,0,0
32.3351,0,0,0
75.9645,0,0,0
17.9366,0,0,0
1.6609,0,0,0
7.08749,0,0,0
67.5676,0,0,0
66.6133,0,0,0
80.4652,0,0,0
75.9667,0,0,0
143.036,0,0,0
71.5722,0,0,0
341.721,0,0,0
111.217,0,0,0
64.8318,0,0,0
176.618,0,0,0
69.5479,0,0,0
47.8974,0,0,0
8.97381,0,0,0
80.7722,0,0,0
16.1148,0,0,0
47.9272,0,0,0
5.36049,0,0,0
57.6507,0,0,0
53.7709,0,0,0
48.5759,0,0,0
17.6536,0,0,0
55.9683,0,0,0
16.9467,0,0,0
41.4864,0,0,0
70.5597,0,0,0
19.7361,0,0,0
76.2249,0,0,0
83.6028,0,0,0
83.8312,0,0,0
31.01,0,0,0
20.0027,0,0,0
286.811,0,0,0
247.071,0,0,0
41.7722,0,0,0
166.351,0,0,0
533.13,0,0,0
193.004,0,0,0
68.331,0,0,0
15.6249,0,0,0
37.9027,0,0,0
96.5621,0,0,0
136.814,0,0,0
296.036,0,0,0
88.4681,0,0,0
91.248,0,0,0
43.8348,0,0,0
107.281,0,0,0
78.0126,0,0,0
95.3793,0,0,0
107.068,0,0,0
43.2514,0,0,0
266.034,0,0,0
107.762,0,0,0
309.703,0,0,0
387.265,0,0,0
14.6572,0,0,0
8.05971,0,0,0
23.8753,0,0,0
30.4152,0,0,0
16.5544,0,0,0
13.4491,0,0,0
96.9819,0,0,0
34.7629,0,0,0
65.1576,0,0,0
4.89263,0,0,0
82.4378,0,0,0
85.8847,0,0,0
64.241,0,0,0
52.7249,0,0,0
12.7398,0,0,0
37.4579,0,0,0
4.92723,0,0,0
174.621,0,0,0
80.9632,0,0,0
202.331,0,0,0
56.0565,0,0,0
93.8687,0,0,0
46.5716,0,0,0
96.7304,0,0,0
49.9091,0,0,0
116.979,0,0,0
3.90868,0,0,0
67.5863,0,0,0
10.4104,0,0,0
39.78,0,0,0
94.3595,0,0,0
5.40216,0,0,0
465.92,0,0,0
345.128,0,0,0
5.23824,0,0,0
10.2125,0,0,0
46.1078,0,0,0
13.1559,0,0,0
35.997,0,0,0
57.8147,0,0,0
68.7395,0,0,0
65.7442,0,0,0
71.2366,0,0,0
34.6417,0,0,0
129.992,0,0,0
19.8095,0,0,0
24.4043,0,0,0
13.2465,0,0,0
23.1931,0,0,0
53.4245,0,0,0
40.9218,0,0,0
63.5409,0,0,0
21.0162,0,0,0
249.437,0,0,0
2.91837,0,0,0
18.2128,0,0,0
154.003,0,0,0
116.683,0,0,0
31.8856,0,0,0
3.13089,0,0,0
12.0565,0,0,0
44.3462,0,0,0
73.8429,0,0,0
2.89389,0,0,0
44.7271,0,0,0
34.4671,0,0,0
208.796,0,0,0
86.0236,0,0,0
142.886,0,0,0
169.41,0,0,0
1.26614,0,0,0
10.3242,0,0,0
12.107,0,0,0
47.0323,0,0,0
48.1092,0,0,0
154.94,0,0,0
567.717,0,0,0
118.084,0,0,0
53.9337,0,0,0
7.50949,0,0,0
0.340615,0,0,0
38.5299,0,0,0
55.7856,0,0,0
45.7725,0,0,0
3.52984,0,0,0
88.0554,0,0,0
101.681,0,0,0
56.5324,0,0,0
53.2469,0,0,0
26.1262,0,0,0
362.801,0,0,0
117.183,0,0,0
7.93124,0,0,0
96.8775,0,0,0
34.5099,0,0,0
45.4045,0,0,0
67.1549,0,0,0
18.7077,0,0,0
43.7639,0,0,0
139.239,0,0,0
83.3595,0,0,0
82.5954,0,0,0
95.1317,0,0,0
51.5033,0,0,0
15.0605,0,0,0
107.74,0,0,0
35.2961,0,0,0
10.8684,0,0,0
39.7925,0,0,0
63.4173,0,0,0
60.7455,0,0,0
81.6842,0,0,0
388.069,0,0,0
60.3875,0,0,0
12.907,0,0,0
40.7641,0,0,0
65.1157,0,0,0
117.678,0,0,0
29.0541,0,0,0
58.3512,0,0,0
314.545,0,0,0
99.8212,0,0,0
70.9951,0,0,0
79.8001,0,0,0
31.9858,0,0,0
110.844,0,0,0
69.5878,0,0,0
90.1303,0,0,0
43.2114,0,0,0
131.39,0,0,0
100.968,0,0,0
106.235,0,0,0
84.5366,0,0,0
5.20665,0,0,0
166.518,0,0,0
498.442,0,0,0
105.525,0,0,0
43.8804,0,0,0
58.7631,0,0,0
62.6963,0,0,0
28.106,0,0,0
93.4852,0,0,0
24.2273,0,0,0
89.4226,0,0,0
107.608,0,0,0
52.0046,0,0,0
152.576,0,0,0
89.9694,0,0,0
124.995,0,0,0
153.891,0,0,0
3.62264,0,0,0
98.5406,0,0,0
35.9995,0,0,0
51.9224,0,0,0
18.3089,0,0,0
73.547,0,0,0
7.10909,0,0,0
2.75604,0,0,0
6.02701,0,0,0
40.2267,0,0,0
21.9231,0,0,0
76.52,0,0,0
66.1545,0,0,0
2.701,0,0,0
34.5272,0,0,0
225.223,0,0,0
72.5764,0,0,0
106.573,0,0,0
42.5459,0,0,0
18.6435,0,0,0
154.344,0,0,0
17.2364,0,0,0
124.246,0,0,0
78.9673,0,0,0
61.5332,0,0,0
10.3393,0,0,0
73.0967,0,0,0
58.3999,0,0,0
119.364,0,0,0
83.5714,0,0,0
18.5678,0,0,0
90.7473,0,0,0
283.852,0,0,0
34.5707,0,0,0
38.796,0,0,0
6.89003,0,0,0
62.5659,0,0,0
14.2894,0,0,0
160.489,0,0,0
89.7556,0,0,0
17.3309,0,0,0
27.2607,0,0,0
86.077,0,0,0
32.1225,0,0,0
19.9123,0,0,0
44.6436,0,0,0
150.974,0,0,0
1.18238,0,0,0
85.5345,0,0,0
36.8861,0,0,0
4.67226,0,0,0
22.0633,0,0,0
85.6895,0,0,0
202.365,0,0,0
38.4094,0,0,0
46.6747,0,0,0
58.1808,0,0,0
263.949,0,0,0
155.425,0,0,0
9.64988,0,0,0
50.1715,0,0,0
81.721,0,0,0
47.9099,0,0,0
121.575,0,0,0
30.3644,0,0,0
95.7576,0,0,0
34.2211,0,0,0
237.277,0,0,0
88.9708,0,0,0
36.327,0,0,0
85.4297,0,0,0
30.4805,0,0,0
23.8152,0,0,0
119.777,0,0,0
63.2124,0,0,0
156.171,0,0,0
156.663,0,0,0
76.6278,0,0,0
75.0014,0,0,0
43.3047,0,0,0
41.4094,0,0,0
76.6665,0,0,0
232.068,0,0,0
122.089,0,0,0
39.9481,0,0,0
37.6184,0,0,0
69.2038,0,0,0
148.849,0,0,0
15.4091,0,0,0
76.5301,0,0,0
1.32321,0,0,0
245.397,0,0,0
86.2815,0,0,0
552.627,0,0,0
84.3644,0,0,0
14.6109,0,0,0
0.175709,0,0,0
389.915,0,0,0
77.3144,0,0,0
5.91976,0,0,0
194.397,0,0,0
29.78,0,0,0
108.754,0,0,0
4.16232,0,0,0
86.99,0,0,0
145.098,0,0,0
35.6265,0,0,0
451.41,0,0,0
131.449,0,0,0
14.0939,0,0,0
182.121,0,0,0
37.7138,0,0,0
75.6015,0,0,0
70.8655,0,0,0
83.9556,0,0,0
48.4737,0,0,0
111.838,0,0,0
153.022,0,0,0
35.8352,0,0,0
3.27883,0,0,0
83.9285,0,0,0
79.3442,0,0,0
98.3422,0,0,0
78.0117,0,0,0
231.252,0,0,0
26.7901,0,0,0
68.2158,0,0,0
0.834659,0,0,0
50.6421,0,0,0
63.8397,0,0,0
15.4092,0,0,0
35.2052,0,0,0
18.7219,0,0,0
22.5663,0,0,0
39.3882,0,0,0
11.9482,0,0,0
290.072,0,0,0
39.9496,0,0,0
580.259,0,0,0
3.56059,0,0,0
24.7613,0,0,0
65.9061,0,0,0
9.22439,0,0,0
9.8531,0,0,0
42.6135,0,0,0
35.2805,0,0,0
8.72804,0,0,0
54.3375,0,0,0
69.1364,0,0,0
116.575,0,0,0
27.983,0,0,0
375.852,0,0,0
179.411,0,0,0
49.0517,0,0,0
32.3165,0,0,0
82.2567,0,0,0
2.487,0,0,0
39.036,0,0,0
56.6637,0,0,0
70.5654,0,0,0
66.8653,0,0,0
63.8526,0,0,0
121.942,0,0,0
130.686,0,0,0
53.0491,0,0,0
15.2686,0,0,0
58.1406,0,0,0
0.304581,0,0,0
1.5857,0,0,0
30.1234,0,0,0
155.161,0,0,0
82.6809,0,0,0
30.235,0,0,0
90.5418,0,0,0
298.122,0,0,0
46.2754,0,0,0
2.72619,0,0,0
59.9652,0,0,0
7.4062,0,0,0
21.3713,0,0,0
68.2931,0,0,0
36.3019,0,0,0
7.23888,0,0,0
5.30763,0,0,0
110.604,0,0,0
40.4505,0,0,0
19.3458,0,0,0
71.8645,0,0,0
67.7929,0,0,0
101.595,0,0,0
16.7602,0,0,0
211.872,0,0,0
1.8415,0,0,0
36.1609,0,0,0
13.2532,0,0,0
33.5094,0,0,0
32.1119,0,0,0
100.198,0,0,0
3.50733,0,0,0
182.25,0,0,0
16.874,0,0,0
362.453,0,0,0
59.1491,0,0,0
86.8411,0,0,0
119.287,0,0,0
54.323,0,0,0
138.075,0,0,0
71.9888,0,0,0
143.236,0,0,0
188.796,0,0,0
4.7329,0,0,0
149.925,0,0,0
36.835,0,0,0
18.2549,0,0,0
3.1147,0,0,0
233.846,0,0,0
79.3418,0,0,0
41.3224,0,0,0
36.4198,0,0,0
129.823,0,0,0
76.5625,0,0,0
87.3059,0,0,0
138.765,0,0,0
7.47434,0,0,0
10.8255,0,0,0
4.35688,0,0,0
80.1076,0,0,0
126.194,0,0,0
61.9408,0,0,0
83.5581,0,0,0
16.2536,0,0,0
2.45261,0,0,0
10.2042,0,0,0
4.23655,0,0,0
36.655,0,0,0
623.093,0,0,0
83.9565,0,0,0
160.011,0,0,0
314.076,0,0,0
88.8709,0,0,0
38.6031,0,0,0
370.633,0,0,0
41.5737,0,0,0
169.98,0,0,0
194.804,0,0,0
287.725,0,0,0
2.23063,0,0,0
84.9669,0,0,0
63.742,0,0,0
25.8792,0,0,0
75.3254,0,0,0
76.1195,0,0,0
65.2002,0,0,0
143.867,0,0,0
84.674,0,0,0
27.79,0,0,0
241.529,0,0,0
92.1129,0,0,0
25.5613,0,0,0
63.0939,0,0,0
166.011,0,0,0
63.5455,0,0,0
77.6221,0,0,0
37.1711,0,0,0
16.4986,0,0,0
101.964,0,0,0
20.8923,0,0,0
178.388,0,0,0
9.43437,0,0,0
73.6906,0,0,0
14.2372,0,0,0
12.0288,0,0,0
48.229,0,0,0
56.6808,0,0,0
399.542,0,0,0
484.51,0,0,0
53.2919,0,0,0
90.7692,0,0,0
0.394366,0,0,0
42.3379,0,0,0
105.816,0,0,0
65.1189,0,0,0
61.9208,0,0,0
51.6726,0,0,0
0.766395,0,0,0
55.2252,0,0,0
76.0886,0,0,0
18.9591,0,0,0
14.1547,0,0,0
132.265,0,0,0
86.8682,0,0,0
52.7742,0,0,0
409.638,0,0,0
509.667,0,0,0
55.9737,0,0,0
183.463,0,0,0
74.6073,0,0,0
29.8432,0,0,0
43.5644,0,0,0
66.1277,0,0,0
6.0097,0,0,0
110.243,0,0,0
50.0461,0,0,0
69.5296,0,0,0
52.414,0,0,0
37.8395,0,0,0
15.0628,0,0,0
1.28864,0,0,0
30.6211,0,0,0
129.659,0,0,0
58.8857,0,0,0
62.9374,0,0,0
19.9292,0,0,0
61.8776,0,0,0
70.6753,0,0,0
98.4626,0,0,0
85.5543,0,0,0
70.2787,0,0,0
318.554,0,0,0
43.986,0,0,0
55.8113,0,0,0
151.49,0,0,0
65.702,0,0,0
8.55896,0,0,0
125.444,0,0,0
60.5051,0,0,0
201.748,0,0,0
9.27482,0,0,0
37.9462,0,0,0
3.39493,0,0,0
35.9166,0,0,0
12.6608,0,0,0
78.4576,0,0,0
46.9149,0,0,0
23.2665,0,0,0
145.53,0,0,0
30.4975,0,0,0
39.0874,0,0,0
24.3426,0,0,0
52.1249,0,0,0
101.193,0,0,0
24.75,0,0,0
85.2184,0,0,0
48.6178,0,0,0
60.2978,0,0,0
97.0952,0,0,0
35.6157,0,0,0
90.6358,0,0,0
33.6723,0,0,0
54.1597,0,0,0
48.8508,0,0,0
22.0042,0,0,0
79.8756,0,0,0
117.049,0,0,0
106.125,0,0,0
26.2286,0,0,0
80.6503,0,0,0
40.3399,0,0,0
50.5991,0,0,0
19.6727,0,0,0
128.538,0,0,0
36.2435,0,0,0
13.9584,0,0,0
9.78964,0,0,0
84.1439,0,0,0
23.9948,0,0,0
37.5139,0,0,0
5.03194,0,0,0
8.39516,0,0,0
414.481,0,0,0
6.16375,0,0,0
38.7832,0,0,0
85.9853,0,0,0
169.583,0,0,0
67.6754,0,0,0
71.1951,0,0,0
195.224,0,0,0
49.334,0,0,0
146.766,0,0,0
71.2502,0,0,0
25.4285,0,0,0
67.9873,0,0,0
194.181,0,0,0
102.246,0,0,0
40.8434,0,0,0
30.3787,0,0,0
288.137,0,0,0
476.825,0,0,0
55.2783,0,0,0
224.486,0,0,0
246.318,0,0,0
15.21,0,0,0
11.8351,0,0,0
20.0103,0,0,0
15.5419,0,0,0
38.7468,0,0,0
234.041,0,0,0
43.2435,0,0,0
26.7477,0,0,0
55.4338,0,0,0
137.326,0,0,0
5.13238,0,0,0
61.3568,0,0,0
33.2587,0,0,0
55.9253,0,0,0
42.0539,0,0,0
138.728,0,0,0
272.011,0,0,0
208.872,0,0,0
118.052,0,0,0
88.2059,0,0,0
71.7853,0,0,0
35.3541,0,0,0
27.9674,0,0,0
29.1277,0,0,0
21.6619,0,0,0
54.1868,0,0,0
61.7387,0,0,0
59.4842,0,0,0
36.1958,0,0,0
69.9853,0,0,0
63.0555,0,0,0
231.13,0,0,0
41.4678,0,0,0
33.4075,0,0,0
353.81,0,0,0
37.7651,0,0,0
72.8581,0,0,0
133.957,0,0,0
167.97,0,0,0
67.405,0,0,0
13.86,0,0,0
419.689,0,0,0
28.1129,0,0,0
68.0869,0,0,0
10.7218,0,0,0
35.6029,0,0,0
83.0283,0,0,0
3.93519,0,0,0
16.3781,0,0,0
32.1585,0,0,0
23.5339,0,0,0
31.9665,0,0,0
47.083,0,0,0
381.881,0,0,0
100.753,0,0,0
20.7043,0,0,0
42.5603,0,0,0
6.81241,0,0,0
185.16,0,0,0
133.395,0,0,0
59.2631,0,0,0
73.6079,0,0,0
13.0438,0,0,0
162.187,0,0,0
97.7363,0,0,0
104.816,0,0,0
83.2977,0,0,0
13.3606,0,0,0
38.1203,0,0,0
7.32242,0,0,0
199.111,0,0,0
44.2116,0,0,0
47.7986,0,0,0
13.654,0,0,0
83.0372,0,0,0
39.5584,0,0,0
81.2828,0,0,0
204.937,0,0,0
69.92,0,0,0
259.656,0,0,0
80.7353,0,0,0
264.769,0,0,0
0.127864,0,0,0
106.543,0,0,0
8.01688,0,0,0
68.5276,0,0,0
230.541,0,0,0
110.454,0,0,0
9.26008,0,0,0
17.7447,0,0,0
19.4199,0,0,0
72.4154,0,0,0
89.7255,0,0,0
93.2778,0,0,0
89.8012,0,0,0
31.228,0,0,0
54.2831,0,0,0
13.3922,0,0,0
11.8246,0,0,0
30.822,0,0,0
163.984,0,0,0
62.7217,0,0,0
346.427,0,0,0
20.8515,0,0,0
22.6655,0,0,0
17.8381,0,0,0
86.1516,0,0,0
44.2823,0,0,0
4.80539,0,0,0
164.883,0,0,0
112.021,0,0,0
118.02,0,0,0
116.776,0,0,0
28.4164,0,0,0
222.572,0,0,0
99.0121,0,0,0
123.207,0,0,0
130.978,0,0,0
17.8175,0,0,0
49.9524,0,0,0
34.5321,0,0,0
133.098,0,0,0
42.9553,0,0,0
124.569,0,0,0
30.7152,0,0,0
148.672,0,0,0
48.9803,0,0,0
78.5048,0,0,0
127.818,0,0,0
115.842,0,0,0
446.184,0,0,0
21.9238,0,0,0
52.453,0,0,0
211.631,0,0,0
6.55065,0,0,0
23.3225,0,0,0
59.8604,0,0,0
2.34379,0,0,0
75.6792,0,0,0
55.5993,0,0,0
22.8213,0,0,0
60.4345,0,0,0
107.422,0,0,0
55.3914,0,0,0
151.576,0,0,0
46.2182,0,0,0
83.9298,0,0,0
5.32766,0,0,0
29.2899,0,0,0
33.5359,0,0,0
114.811,0,0,0
80.1478,0,0,0
80.8364,0,0,0
39.2124,0,0,0
102.021,0,0,0
560.541,0,0,0
300.382,0,0,0
109.852,0,0,0
82.7615,0,0,0
91.859,0,0,0
114.583,0,0,0
110.926,0,0,0
8.98562,0,0,0
96.6726,0,0,0
82.2066,0,0,0
21.746,0,0,0
30.9216,0,0,0
90.8895,0,0,0
47.2949,0,0,0
142.21,0,0,0
89.3282,0,0,0
25.4283,0,0,0
77.8582,0,0,0
64.5471,0,0,0
53.1762,0,0,0
46.1201,0,0,0
50.6195,0,0,0
23.478,0,0,0
147.695,0,0,0
125.25,0,0,0
74.9303,0,0,0
121.587,0,0,0
16.0732,0,0,0
60.5384,0,0,0
40.7613,0,0,0
118.375,0,0,0
81.4767,0,0,0
23.2139,0,0,0
66.9729,0,0,0
438.312,0,0,0
17.5634,0,0,0
72.5287,0,0,0
83.0439,0,0,0
10.7913,0,0,0
44.8704,0,0,0
79.9874,0,0,0
102.396,0,0,0
47.9785,0,0,0
7.10509,0,0,0
209.995,0,0,0
1.41422,0,0,0
7.07229,0,0,0
36.3764,0,0,0
3.85364,0,0,0
141.974,0,0,0
20.9962,0,0,0
62.2506,0,0,0
113.015,0,0,0
34.2154,0,0,0
131.787,0,0,0
79.7132,0,0,0
49.9281,0,0,0
39.312,0,0,0
28.506,0,0,0
59.8534,0,0,0
556.004,0,0,0
21.8987,0,0,0
24.4649,0,0,0
57.5259,0,0,0
0.49438,0,0,0
18.4932,0,0,0
16.0911,0,0,0
60.9342,0,0,0
66.8412,0,0,0
26.9467,0,0,0
36.374,0,0,0
44.9944,0,0,0
61.3082,0,0,0
265.96,0,0,0
559.923,0,0,0
104.37,0,0,0
287.558,0,0,0
98.5746,0,0,0
14.8262,0,0,0
19.6172,0,0,0
546.738,0,0,0
83.6781,0,0,0
134.045,0,0,0
34.3453,0,0,0
46.941,0,0,0
9.38471,0,0,0
130.777,0,0,0
50.1051,0,0,0
18.7365,0,0,0
109.909,0,0,0
8.67886,0,0,0
51.883,0,0,0
2.55689,0,0,0
18.5566,0,0,0
355.718,0,0,0
92.5643,0,0,0
167.961,0,0,0
84.2131,0,0,0
3.26932,0,0,0
85.1778,0,0,0
68.9871,0,0,0
10.7356,0,0,0
7.59386,0,0,0
109.495,0,0,0
15.6512,0,0,0
136.48,0,0,0
28.0431,0,0,0
100.849,0,0,0
19.8577,0,0,0
39.2775,0,0,0
157.097,0,0,0
73.5633,0,0,0
11.4576,0,0,0
301.731,0,0,0
214.676,0,0,0
6.08738,0,0,0
39.1267,0,0,0
451.303,0,0,0
477.443,0,0,0
96.4646,0,0,0
49.2698,0,0,0
60.6733,0,0,0
12.9814,0,0,0
6.1924,0,0,0
43.1925,0,0,0
33.6948,0,0,0
419.333,0,0,0
92.8859,0,0,0
5.05114,0,0,0
14.6345,0,0,0
305.834,0,0,0
194.581,0,0,0
12.1801,0,0,0
1.63122,0,0,0
5.88815,0,0,0
48.8834,0,0,0
32.982,0,0,0
50.241,0,0,0
52.6144,0,0,0
153.072,0,0,0
289.818,0,0,0
42.2145,0,0,0
108.145,0,0,0
197.117,0,0,0
281.537,0,0,0
144.079,0,0,0
26.2703,0,0,0
134.095,0,0,0
64.668,0,0,0
154.257,0,0,0
23.8572,0,0,0
523.936,0,0,0
63.1724,0,0,0
13.8201,0,0,0
67.1209,0,0,0
13.7743,0,0,0
40.7102,0,0,0
16.8313,0,0,0
7.78898,0,0,0
37.3965,0,0,0
52.8889,0,0,0
759.978,0,0,0
74.7745,0,0,0
74.4628,0,0,0
149.426,0,0,0
15.3243,0,0,0
162.676,0,0,0
60.3815,0,0,0
6.90877,0,0,0
224.524,0,0,0
94.2484,0,0,0
66.8033,0,0,0
123.942,0,0,0
15.5836,0,0,0
147.443,0,0,0
131.34,0,0,0
8.02236,0,0,0
354.02,0,0,0
8.47662,0,0,0
38.0046,0,0,0
24.31,0,0,0
30.6548,0,0,0
89.4782,0,0,0
229.421,0,0,0
39.294,0,0,0
111.821,0,0,0
43.0618,0,0,0
226.617,0,0,0
2.73778,0,0,0
49.606,0,0,0
11.7245,0,0,0
293.817,0,0,0
13.9332,0,0,0
42.1808,0,0,0
57.0688,0,0,0
44.2438,0,0,0
29.7187,0,0,0
106.869,0,0,0
224.517,0,0,0
95.5999,0,0,0
81.4772,0,0,0
84.3448,0,0,0
8.69481,0,0,0
15.7898,0,0,0
70.2528,0,0,0
86.0323,0,0,0
155.598,0,0,0
74.1977,0,0,0
30.5989,0,0,0
93.2206,0,0,0
21.9971,0,0,0
15.5151,0,0,0
89.4111,0,0,0
119.525,0,0,0
85.6662,0,0,0
13.3256,0,0,0
24.8224,0,0,0
69.4353,0,0,0
90.1103,0,0,0
66.1704,0,0,0
38.1933,0,0,0
99.3395,0,0,0
61.9255,0,0,0
44.718,0,0,0
1.33259,0,0,0
50.7675,0,0,0
93.4338,0,0,0
46.7797,0,0,0
34.3671,0,0,0
30.206,0,0,0
183.543,0,0,0
81.7606,0,0,0
108.987,0,0,0
78.9295,0,0,0
464.093,0,0,0
26.3236,0,0,0
28.8433,0,0,0
37.6587,0,0,0
29.0562,0,0,0
16.6016,0,0,0
465.779,0,0,0
54.2118,0,0,0
196.501,0,0,0
99.9037,0,0,0
77.317,0,0,0
95.3318,0,0,0
71.7322,0,0,0
5.28745,0,0,0
19.9163,0,0,0
22.17,0,0,0
20.6251,0,0,0
16.2296,0,0,0
189.643,0,0,0
154.826,0,0,0
272.968,0,0,0
32.1471,0,0,0
6.54589,0,0,0
29.4948,0,0,0
58.2847,0,0,0
170.556,0,0,0
35.3699,0,0,0
13.6805,0,0,0
7.8125,0,0,0
109.565,0,0,0
47.8497,0,0,0
104.946,0,0,0
61.2076,0,0,0
88.5223,0,0,0
43.2564,0,0,0
36.9053,0,0,0
196.256,0,0,0
14.8104,0,0,0
250.679,0,0,0
517.573,0,0,0
192.964,0,0,0
34.2792,0,0,0
520.343,0,0,0
43.6677,0,0,0
43.8971,0,0,0
43.7955,0,0,0
38.1997,0,0,0
10.7306,0,0,0
12.2455,0,0,0
66.9337,0,0,0
16.1942,0,0,0
129.405,0,0,0
71.188,0,0,0
23.8093,0,0,0
80.7354,0,0,0
64.7723,0,0,0
18.5911,0,0,0
4.45904,0,0,0
157.666,0,0,0
14.0333,0,0,0
29.2401,0,0,0
28.3313,0,0,0
2.81774,0,0,0
54.8067,0,0,0
346.583,0,0,0
71.5332,0,0,0
