EnergyDepositedInSi, SourceZ, SiAngleOffAxis, AbsorberThickness
71.0699,0,0,0
219.08,0,0,0
81.4455,0,0,0
126.7,0,0,0
86.3663,0,0,0
77.1639,0,0,0
93.8526,0,0,0
130.439,0,0,0
81.6239,0,0,0
118.755,0,0,0
125.655,0,0,0
109.43,0,0,0
76.9978,0,0,0
285.868,0,0,0
91.2157,0,0,0
82.6283,0,0,0
87.66,0,0,0
92.5486,0,0,0
105.528,0,0,0
80.4926,0,0,0
237.456,0,0,0
69.8516,0,0,0
84.7411,0,0,0
199.653,0,0,0
303.536,0,0,0
79.8165,0,0,0
90.4887,0,0,0
80.6895,0,0,0
94.8421,0,0,0
104.215,0,0,0
77.5543,0,0,0
70.1327,0,0,0
74.918,0,0,0
108.554,0,0,0
99.3091,0,0,0
81.1085,0,0,0
132.014,0,0,0
100.701,0,0,0
111.25,0,0,0
100.587,0,0,0
81.2577,0,0,0
100.667,0,0,0
69.0576,0,0,0
96.2128,0,0,0
79.684,0,0,0
70.0744,0,0,0
96.4421,0,0,0
78.4146,0,0,0
82.1082,0,0,0
64.4365,0,0,0
72.7571,0,0,0
93.1948,0,0,0
72.5415,0,0,0
63.3769,0,0,0
87.8424,0,0,0
99.0969,0,0,0
78.5144,0,0,0
76.831,0,0,0
91.0696,0,0,0
83.4667,0,0,0
120.605,0,0,0
107.883,0,0,0
81.355,0,0,0
70.5306,0,0,0
252.993,0,0,0
89.0811,0,0,0
75.0256,0,0,0
107.061,0,0,0
139.64,0,0,0
102.996,0,0,0
100.004,0,0,0
88.5126,0,0,0
104.84,0,0,0
100.141,0,0,0
136.931,0,0,0
86.9569,0,0,0
85.6995,0,0,0
62.4499,0,0,0
108.112,0,0,0
109.938,0,0,0
84.3028,0,0,0
69.4277,0,0,0
81.8682,0,0,0
97.785,0,0,0
77.5453,0,0,0
69.7066,0,0,0
91.2112,0,0,0
140.268,0,0,0
81.9155,0,0,0
125.181,0,0,0
110.016,0,0,0
78.1372,0,0,0
112.899,0,0,0
72.2966,0,0,0
71.1775,0,0,0
89.7965,0,0,0
103.985,0,0,0
72.0075,0,0,0
76.462,0,0,0
111.691,0,0,0
119.032,0,0,0
485.764,0,0,0
142.243,0,0,0
292.488,0,0,0
76.6016,0,0,0
100.762,0,0,0
99.2919,0,0,0
232.109,0,0,0
142.062,0,0,0
104.759,0,0,0
83.1741,0,0,0
71.6505,0,0,0
159.719,0,0,0
97.2774,0,0,0
120.962,0,0,0
101.087,0,0,0
113.392,0,0,0
155.143,0,0,0
89.6123,0,0,0
148.003,0,0,0
82.9771,0,0,0
119.94,0,0,0
82.0996,0,0,0
95.5301,0,0,0
114.572,0,0,0
75.9745,0,0,0
128.186,0,0,0
87.7126,0,0,0
79.5337,0,0,0
115.777,0,0,0
136.642,0,0,0
84.2341,0,0,0
129.544,0,0,0
78.132,0,0,0
122.777,0,0,0
77.0893,0,0,0
128.619,0,0,0
122.709,0,0,0
75.5108,0,0,0
81.9004,0,0,0
117.862,0,0,0
258.071,0,0,0
106.041,0,0,0
283.252,0,0,0
79.1384,0,0,0
63.4196,0,0,0
88.5496,0,0,0
76.2032,0,0,0
103.389,0,0,0
71.221,0,0,0
87.2227,0,0,0
62.6792,0,0,0
126.147,0,0,0
89.8778,0,0,0
150.964,0,0,0
138.414,0,0,0
76.6322,0,0,0
179.105,0,0,0
82.9466,0,0,0
63.3714,0,0,0
65.72,0,0,0
95.3172,0,0,0
108.64,0,0,0
219.133,0,0,0
153.604,0,0,0
84.1893,0,0,0
103.712,0,0,0
112.698,0,0,0
66.7946,0,0,0
74.571,0,0,0
85.6657,0,0,0
69.6297,0,0,0
94.5524,0,0,0
82.3619,0,0,0
64.5266,0,0,0
89.7012,0,0,0
79.4681,0,0,0
72.5135,0,0,0
95.7689,0,0,0
77.6375,0,0,0
88.549,0,0,0
84.7403,0,0,0
123.657,0,0,0
88.6921,0,0,0
63.5976,0,0,0
428.88,0,0,0
78.5116,0,0,0
76.6044,0,0,0
93.3793,0,0,0
113.196,0,0,0
101.831,0,0,0
90.6244,0,0,0
109.573,0,0,0
94.3164,0,0,0
88.6667,0,0,0
148.887,0,0,0
92.4227,0,0,0
172.378,0,0,0
138.707,0,0,0
81.7846,0,0,0
91.2038,0,0,0
87.5924,0,0,0
116.34,0,0,0
73.5705,0,0,0
69.4945,0,0,0
103.358,0,0,0
84.6058,0,0,0
82.6887,0,0,0
99.0057,0,0,0
75.2332,0,0,0
85.8988,0,0,0
79.1977,0,0,0
114.017,0,0,0
72.578,0,0,0
88.5054,0,0,0
122.932,0,0,0
90.4584,0,0,0
98.0557,0,0,0
88.3006,0,0,0
81.0886,0,0,0
67.1794,0,0,0
116.437,0,0,0
64.8531,0,0,0
143.448,0,0,0
83.4901,0,0,0
80.9405,0,0,0
89.8948,0,0,0
124.72,0,0,0
106.621,0,0,0
96.3003,0,0,0
86.0466,0,0,0
75.9079,0,0,0
101.553,0,0,0
103.172,0,0,0
115.992,0,0,0
79.8218,0,0,0
69.4025,0,0,0
248.791,0,0,0
108.231,0,0,0
132.637,0,0,0
71.1647,0,0,0
123.447,0,0,0
74.6261,0,0,0
95.127,0,0,0
106.426,0,0,0
132.484,0,0,0
90.4675,0,0,0
93.1304,0,0,0
90.2951,0,0,0
74.1008,0,0,0
106.003,0,0,0
125.192,0,0,0
75.5385,0,0,0
98.0474,0,0,0
109.65,0,0,0
75.6721,0,0,0
83.3915,0,0,0
87.3669,0,0,0
73.2651,0,0,0
101.266,0,0,0
91.5459,0,0,0
133.113,0,0,0
72.8733,0,0,0
88.2711,0,0,0
75.6281,0,0,0
89.5426,0,0,0
141.343,0,0,0
87.4504,0,0,0
75.1191,0,0,0
94.3958,0,0,0
84.7453,0,0,0
106.145,0,0,0
74.5312,0,0,0
99.8892,0,0,0
110.428,0,0,0
83.7854,0,0,0
78.4055,0,0,0
220.765,0,0,0
89.718,0,0,0
87.9776,0,0,0
102.4,0,0,0
158.007,0,0,0
192.356,0,0,0
97.0517,0,0,0
95.0683,0,0,0
132.73,0,0,0
71.4584,0,0,0
71.4597,0,0,0
67.5109,0,0,0
146.175,0,0,0
74.2594,0,0,0
73.1021,0,0,0
86.6874,0,0,0
85.4562,0,0,0
63.1426,0,0,0
85.1801,0,0,0
121.515,0,0,0
81.6221,0,0,0
81.1654,0,0,0
74.2785,0,0,0
83.7459,0,0,0
76.6373,0,0,0
91.3703,0,0,0
73.0409,0,0,0
118.137,0,0,0
125.963,0,0,0
93.4381,0,0,0
457.141,0,0,0
82.5858,0,0,0
62.6827,0,0,0
113.564,0,0,0
83.7622,0,0,0
85.2557,0,0,0
164.265,0,0,0
84.4503,0,0,0
261.023,0,0,0
152.226,0,0,0
92.145,0,0,0
85.7524,0,0,0
93.7464,0,0,0
64.6382,0,0,0
96.5677,0,0,0
94.6108,0,0,0
165.114,0,0,0
115.976,0,0,0
115.32,0,0,0
95.1093,0,0,0
88.6761,0,0,0
127.687,0,0,0
90.0864,0,0,0
131.315,0,0,0
169.899,0,0,0
104.669,0,0,0
244.179,0,0,0
92.7729,0,0,0
72.8211,0,0,0
89.0499,0,0,0
110.622,0,0,0
104.968,0,0,0
97.5942,0,0,0
101.129,0,0,0
119.088,0,0,0
86.9718,0,0,0
89.304,0,0,0
237.8,0,0,0
101.094,0,0,0
100.423,0,0,0
92.3857,0,0,0
101.684,0,0,0
72.0633,0,0,0
82.9525,0,0,0
87.7659,0,0,0
97.6064,0,0,0
92.5659,0,0,0
97.2247,0,0,0
77.4077,0,0,0
99.5003,0,0,0
102.807,0,0,0
108.397,0,0,0
125.685,0,0,0
94.6906,0,0,0
91.6033,0,0,0
95.5283,0,0,0
139.112,0,0,0
123.953,0,0,0
123.559,0,0,0
249.54,0,0,0
93.801,0,0,0
102.435,0,0,0
74.6089,0,0,0
105.937,0,0,0
105.783,0,0,0
71.3339,0,0,0
73.5796,0,0,0
104.743,0,0,0
82.7288,0,0,0
431.345,0,0,0
99.3761,0,0,0
72.5851,0,0,0
71.1274,0,0,0
73.2758,0,0,0
100.006,0,0,0
82.8023,0,0,0
81.9002,0,0,0
115.338,0,0,0
184.525,0,0,0
72.8956,0,0,0
86.2711,0,0,0
90.9553,0,0,0
70.452,0,0,0
91.9455,0,0,0
116.455,0,0,0
76.2814,0,0,0
86.5779,0,0,0
100.937,0,0,0
73.1393,0,0,0
117.508,0,0,0
78.4095,0,0,0
230.319,0,0,0
78.0286,0,0,0
97.4667,0,0,0
86.883,0,0,0
82.2174,0,0,0
92.5501,0,0,0
94.894,0,0,0
88.7731,0,0,0
120.679,0,0,0
68.9807,0,0,0
193.486,0,0,0
140.535,0,0,0
97.1335,0,0,0
109.077,0,0,0
66.3154,0,0,0
100.021,0,0,0
95.3891,0,0,0
156.961,0,0,0
92.5717,0,0,0
129.295,0,0,0
64.7073,0,0,0
195.451,0,0,0
100.138,0,0,0
173.02,0,0,0
89.594,0,0,0
95.7033,0,0,0
135.812,0,0,0
97.1715,0,0,0
164.171,0,0,0
79.7507,0,0,0
80.7241,0,0,0
88.6667,0,0,0
139.966,0,0,0
103.452,0,0,0
84.8456,0,0,0
85.9692,0,0,0
81.029,0,0,0
286.85,0,0,0
168.188,0,0,0
591.877,0,0,0
72.8782,0,0,0
168.791,0,0,0
88.3401,0,0,0
88.1936,0,0,0
110.525,0,0,0
77.7279,0,0,0
82.1462,0,0,0
82.3658,0,0,0
96.9837,0,0,0
107.099,0,0,0
85.9395,0,0,0
76.3899,0,0,0
78.9474,0,0,0
89.611,0,0,0
80.4247,0,0,0
82.1544,0,0,0
60.9076,0,0,0
88.0996,0,0,0
105.67,0,0,0
93.7525,0,0,0
72.1087,0,0,0
101.82,0,0,0
93.9046,0,0,0
97.0038,0,0,0
79.8385,0,0,0
88.9616,0,0,0
118.749,0,0,0
59.7027,0,0,0
99.5538,0,0,0
78.9036,0,0,0
72.7518,0,0,0
80.6346,0,0,0
110.232,0,0,0
87.4025,0,0,0
94.3059,0,0,0
83.8505,0,0,0
82.3668,0,0,0
88.8474,0,0,0
107.687,0,0,0
84.5248,0,0,0
83.9464,0,0,0
88.2932,0,0,0
87.758,0,0,0
80.4502,0,0,0
75.0167,0,0,0
199.12,0,0,0
89.0607,0,0,0
91.0868,0,0,0
82.5087,0,0,0
74.266,0,0,0
80.1858,0,0,0
76.4531,0,0,0
89.3211,0,0,0
61.8432,0,0,0
117.713,0,0,0
121.669,0,0,0
75.1722,0,0,0
86.7985,0,0,0
103.12,0,0,0
82.5406,0,0,0
84.0371,0,0,0
148.678,0,0,0
160.653,0,0,0
86.1719,0,0,0
71.8163,0,0,0
77.441,0,0,0
168.726,0,0,0
74.3922,0,0,0
109.874,0,0,0
75.5469,0,0,0
74.6185,0,0,0
92.4142,0,0,0
70.8659,0,0,0
113.413,0,0,0
67.9677,0,0,0
233.759,0,0,0
83.4494,0,0,0
81.9176,0,0,0
94.6102,0,0,0
130.739,0,0,0
92.2101,0,0,0
105.234,0,0,0
104.28,0,0,0
107.809,0,0,0
136.437,0,0,0
77.8543,0,0,0
88.2871,0,0,0
94.0077,0,0,0
92.5925,0,0,0
79.3102,0,0,0
86.351,0,0,0
80.6894,0,0,0
115.051,0,0,0
138.918,0,0,0
83.5523,0,0,0
155.209,0,0,0
82.2838,0,0,0
108.404,0,0,0
96.0154,0,0,0
210.209,0,0,0
79.901,0,0,0
124.516,0,0,0
185.443,0,0,0
123.034,0,0,0
79.7799,0,0,0
71.0308,0,0,0
104.111,0,0,0
75.519,0,0,0
85.9684,0,0,0
113.843,0,0,0
86.6552,0,0,0
96.1153,0,0,0
77.9285,0,0,0
79.7977,0,0,0
85.9238,0,0,0
64.6185,0,0,0
86.0539,0,0,0
217.301,0,0,0
110.173,0,0,0
217.945,0,0,0
88.5989,0,0,0
101.829,0,0,0
287.155,0,0,0
97.3786,0,0,0
86.3466,0,0,0
94.251,0,0,0
79.0121,0,0,0
79.3556,0,0,0
77.497,0,0,0
81.5573,0,0,0
73.0432,0,0,0
83.0398,0,0,0
84.3644,0,0,0
101.284,0,0,0
64.4295,0,0,0
76.8233,0,0,0
81.0601,0,0,0
101.075,0,0,0
89.1069,0,0,0
65.5635,0,0,0
103.716,0,0,0
74.9739,0,0,0
95.0835,0,0,0
127.448,0,0,0
104.608,0,0,0
97.8207,0,0,0
119.464,0,0,0
88.383,0,0,0
89.2432,0,0,0
76.6376,0,0,0
108.876,0,0,0
285.042,0,0,0
112.699,0,0,0
95.9305,0,0,0
69.7145,0,0,0
77.7092,0,0,0
84.3997,0,0,0
82.9699,0,0,0
105.634,0,0,0
148.482,0,0,0
96.0115,0,0,0
316.647,0,0,0
93.418,0,0,0
116.188,0,0,0
219.688,0,0,0
109.685,0,0,0
95.3684,0,0,0
65.0232,0,0,0
163.019,0,0,0
112.376,0,0,0
187.852,0,0,0
96.7766,0,0,0
115.709,0,0,0
65.8014,0,0,0
153.763,0,0,0
105.818,0,0,0
111.778,0,0,0
100.459,0,0,0
98.2214,0,0,0
141.022,0,0,0
95.6858,0,0,0
118.71,0,0,0
91.4485,0,0,0
105.927,0,0,0
104.447,0,0,0
82.3804,0,0,0
86.5489,0,0,0
142.549,0,0,0
97.1811,0,0,0
95.0178,0,0,0
76.8079,0,0,0
82.4455,0,0,0
62.3128,0,0,0
100.077,0,0,0
87.2539,0,0,0
77.6099,0,0,0
137.49,0,0,0
86.5769,0,0,0
86.7786,0,0,0
95.5416,0,0,0
85.1195,0,0,0
92.6054,0,0,0
84.2821,0,0,0
98.5853,0,0,0
82.6935,0,0,0
115.156,0,0,0
88.4719,0,0,0
106.592,0,0,0
88.444,0,0,0
84.0891,0,0,0
75.0495,0,0,0
143.869,0,0,0
87.9937,0,0,0
113.254,0,0,0
113.637,0,0,0
263.652,0,0,0
78.4924,0,0,0
252.499,0,0,0
94.7526,0,0,0
100.981,0,0,0
116.969,0,0,0
75.26,0,0,0
81.4638,0,0,0
92.5556,0,0,0
150.583,0,0,0
98.0271,0,0,0
70.3149,0,0,0
113.743,0,0,0
77.9345,0,0,0
89.8986,0,0,0
85.5017,0,0,0
116.444,0,0,0
93.243,0,0,0
139.819,0,0,0
112.524,0,0,0
84.885,0,0,0
81.4523,0,0,0
71.1521,0,0,0
94.9722,0,0,0
78.0466,0,0,0
87.6637,0,0,0
96.0607,0,0,0
81.6478,0,0,0
104.509,0,0,0
94.8446,0,0,0
102.187,0,0,0
85.9523,0,0,0
96.8906,0,0,0
80.7373,0,0,0
109.117,0,0,0
137.394,0,0,0
85.2651,0,0,0
122.267,0,0,0
108.9,0,0,0
73.1084,0,0,0
89.4482,0,0,0
125.26,0,0,0
143.337,0,0,0
191.021,0,0,0
98.9981,0,0,0
143.339,0,0,0
106.499,0,0,0
91.3202,0,0,0
87.0657,0,0,0
193.383,0,0,0
102.49,0,0,0
81.0505,0,0,0
99.5662,0,0,0
73.9859,0,0,0
244.213,0,0,0
93.9991,0,0,0
82.9191,0,0,0
77.9845,0,0,0
73.3542,0,0,0
114.14,0,0,0
81.8281,0,0,0
76.2519,0,0,0
92.0029,0,0,0
95.5452,0,0,0
89.0515,0,0,0
87.6078,0,0,0
89.6897,0,0,0
91.8982,0,0,0
424.116,0,0,0
107.906,0,0,0
124.403,0,0,0
90.4413,0,0,0
110.58,0,0,0
78.3448,0,0,0
79.9207,0,0,0
74.5197,0,0,0
66.2625,0,0,0
109.366,0,0,0
96.7025,0,0,0
108.757,0,0,0
78.3125,0,0,0
72.4034,0,0,0
124.922,0,0,0
236.54,0,0,0
72.4318,0,0,0
78.6968,0,0,0
89.8566,0,0,0
65.7747,0,0,0
103.49,0,0,0
131.978,0,0,0
68.6044,0,0,0
92.3996,0,0,0
113.607,0,0,0
86.0211,0,0,0
177.954,0,0,0
91.1922,0,0,0
97.9166,0,0,0
176.975,0,0,0
86.5384,0,0,0
67.336,0,0,0
103.166,0,0,0
84.5579,0,0,0
78.0587,0,0,0
79.0458,0,0,0
169.22,0,0,0
114.324,0,0,0
76.9106,0,0,0
126.062,0,0,0
131.8,0,0,0
97.8217,0,0,0
84.209,0,0,0
79.7818,0,0,0
140.988,0,0,0
83.5131,0,0,0
83.9748,0,0,0
161.773,0,0,0
85.8821,0,0,0
179.463,0,0,0
94.8509,0,0,0
100.463,0,0,0
89.6769,0,0,0
95.3408,0,0,0
86.8287,0,0,0
119.915,0,0,0
90.2761,0,0,0
80.5599,0,0,0
96.0413,0,0,0
63.249,0,0,0
91.1144,0,0,0
79.7863,0,0,0
64.2481,0,0,0
79.8086,0,0,0
90.5338,0,0,0
77.1251,0,0,0
63.7313,0,0,0
91.2466,0,0,0
63.24,0,0,0
116.498,0,0,0
72.5249,0,0,0
77.3967,0,0,0
72.5599,0,0,0
107.335,0,0,0
129.921,0,0,0
126.889,0,0,0
93.8299,0,0,0
76.8496,0,0,0
104.54,0,0,0
72.4125,0,0,0
90.6178,0,0,0
101.216,0,0,0
78.438,0,0,0
68.0243,0,0,0
137.921,0,0,0
75.0655,0,0,0
62.7156,0,0,0
74.116,0,0,0
88.0276,0,0,0
77.0425,0,0,0
111.318,0,0,0
147.643,0,0,0
64.4347,0,0,0
72.7732,0,0,0
81.2162,0,0,0
63.6029,0,0,0
89.6107,0,0,0
144.255,0,0,0
102.007,0,0,0
106.021,0,0,0
90.1231,0,0,0
148.712,0,0,0
73.4073,0,0,0
80.9055,0,0,0
94.834,0,0,0
77.4896,0,0,0
82.9756,0,0,0
80.1867,0,0,0
76.1273,0,0,0
92.8489,0,0,0
102.371,0,0,0
93.414,0,0,0
86.9779,0,0,0
85.2632,0,0,0
141.438,0,0,0
110.968,0,0,0
89.3067,0,0,0
78.6043,0,0,0
79.0586,0,0,0
97.0497,0,0,0
78.8706,0,0,0
103.915,0,0,0
139.915,0,0,0
72.2931,0,0,0
250.452,0,0,0
62.5397,0,0,0
83.7514,0,0,0
77.4975,0,0,0
85.0973,0,0,0
98.3304,0,0,0
87.3721,0,0,0
137.329,0,0,0
95.4555,0,0,0
93.4481,0,0,0
97.2747,0,0,0
114.059,0,0,0
81.6727,0,0,0
87.0263,0,0,0
86.8086,0,0,0
429.513,0,0,0
92.462,0,0,0
119.351,0,0,0
127.193,0,0,0
92.0349,0,0,0
71.6651,0,0,0
89.879,0,0,0
294.578,0,0,0
104.07,0,0,0
91.2766,0,0,0
74.8516,0,0,0
83.0423,0,0,0
99.3107,0,0,0
88.6136,0,0,0
133.806,0,0,0
92.3353,0,0,0
104.597,0,0,0
106.91,0,0,0
103.885,0,0,0
81.7305,0,0,0
82.9034,0,0,0
66.8967,0,0,0
72.0949,0,0,0
70.9148,0,0,0
90.9438,0,0,0
91.2747,0,0,0
97.9613,0,0,0
142.853,0,0,0
81.4268,0,0,0
142.875,0,0,0
153.496,0,0,0
88.1233,0,0,0
99.1474,0,0,0
111.856,0,0,0
86.0787,0,0,0
82.4147,0,0,0
103.881,0,0,0
107.087,0,0,0
115.991,0,0,0
93.5132,0,0,0
99.7976,0,0,0
103.645,0,0,0
143.77,0,0,0
164.323,0,0,0
87.1192,0,0,0
94.0032,0,0,0
81.6253,0,0,0
67.0737,0,0,0
83.5267,0,0,0
124.456,0,0,0
85.7562,0,0,0
93.9183,0,0,0
65.6553,0,0,0
106.274,0,0,0
87.1508,0,0,0
100.64,0,0,0
95.7661,0,0,0
116.163,0,0,0
87.0335,0,0,0
111.493,0,0,0
95.3911,0,0,0
86.6544,0,0,0
77.1481,0,0,0
78.8577,0,0,0
89.6743,0,0,0
72.8421,0,0,0
90.031,0,0,0
90.1076,0,0,0
62.3157,0,0,0
169.854,0,0,0
82.3438,0,0,0
96.7293,0,0,0
75.3653,0,0,0
327.243,0,0,0
78.7866,0,0,0
164.124,0,0,0
75.7969,0,0,0
82.3969,0,0,0
129.588,0,0,0
81.483,0,0,0
80.9214,0,0,0
67.0213,0,0,0
92.8422,0,0,0
69.5382,0,0,0
123.285,0,0,0
97.2536,0,0,0
129.121,0,0,0
89.7349,0,0,0
84.1371,0,0,0
124.462,0,0,0
370.72,0,0,0
82.9223,0,0,0
76.1113,0,0,0
70.8,0,0,0
83.7256,0,0,0
90.2932,0,0,0
81.6732,0,0,0
122.073,0,0,0
87.1683,0,0,0
178.895,0,0,0
89.457,0,0,0
76.853,0,0,0
82.7052,0,0,0
88.8869,0,0,0
66.5239,0,0,0
70.0641,0,0,0
94.0424,0,0,0
75.9733,0,0,0
95.0833,0,0,0
74.0539,0,0,0
154.835,0,0,0
88.9626,0,0,0
155.509,0,0,0
113.315,0,0,0
64.9863,0,0,0
61.9755,0,0,0
74.7585,0,0,0
555.142,0,0,0
79.8364,0,0,0
120.246,0,0,0
111.983,0,0,0
83.7689,0,0,0
96.1019,0,0,0
95.9957,0,0,0
79.8333,0,0,0
306.922,0,0,0
96.9888,0,0,0
91.0736,0,0,0
83.5589,0,0,0
79.5955,0,0,0
80.4494,0,0,0
107.432,0,0,0
88.0657,0,0,0
156.033,0,0,0
114.156,0,0,0
92.9411,0,0,0
124.182,0,0,0
87.2003,0,0,0
111.183,0,0,0
88.0193,0,0,0
74.8375,0,0,0
80.8934,0,0,0
110.148,0,0,0
137.993,0,0,0
106.472,0,0,0
80.9846,0,0,0
109.492,0,0,0
80.8081,0,0,0
69.1156,0,0,0
82.3653,0,0,0
201.795,0,0,0
114.857,0,0,0
92.1198,0,0,0
69.0074,0,0,0
74.3348,0,0,0
85.8606,0,0,0
96.5552,0,0,0
84.2313,0,0,0
127.448,0,0,0
67.0271,0,0,0
74.1489,0,0,0
201.356,0,0,0
81.4149,0,0,0
240.758,0,0,0
145.912,0,0,0
99.5312,0,0,0
97.3252,0,0,0
256.785,0,0,0
83.7916,0,0,0
69.6933,0,0,0
92.1879,0,0,0
80.9724,0,0,0
77.4791,0,0,0
79.336,0,0,0
89.9403,0,0,0
107.676,0,0,0
92.6115,0,0,0
88.751,0,0,0
113.481,0,0,0
97.5417,0,0,0
74.6684,0,0,0
74.4061,0,0,0
109.65,0,0,0
82.3177,0,0,0
75.5346,0,0,0
76.3122,0,0,0
120.621,0,0,0
108.57,0,0,0
79.404,0,0,0
187.879,0,0,0
162.22,0,0,0
75.4375,0,0,0
109.496,0,0,0
1032.31,0,0,0
79.2706,0,0,0
93.0643,0,0,0
95.4058,0,0,0
80.6487,0,0,0
83.4457,0,0,0
97.2636,0,0,0
78.2084,0,0,0
81.047,0,0,0
98.0288,0,0,0
76.6582,0,0,0
97.9717,0,0,0
117.125,0,0,0
95.756,0,0,0
107.337,0,0,0
74.5984,0,0,0
90.9392,0,0,0
70.3329,0,0,0
100.535,0,0,0
91.7437,0,0,0
125.404,0,0,0
80.261,0,0,0
71.0206,0,0,0
85.6065,0,0,0
86.3186,0,0,0
75.9627,0,0,0
76.88,0,0,0
100.722,0,0,0
85.0355,0,0,0
72.9041,0,0,0
230.171,0,0,0
76.5973,0,0,0
96.6429,0,0,0
107.053,0,0,0
81.1387,0,0,0
78.4098,0,0,0
93.123,0,0,0
67.3596,0,0,0
95.0084,0,0,0
123.2,0,0,0
97.5792,0,0,0
289.049,0,0,0
85.2333,0,0,0
79.7518,0,0,0
85.4486,0,0,0
74.9505,0,0,0
179.247,0,0,0
319.755,0,0,0
84.7618,0,0,0
74.6004,0,0,0
203.317,0,0,0
90.0888,0,0,0
121.967,0,0,0
66.7618,0,0,0
88.2301,0,0,0
79.0239,0,0,0
98.2243,0,0,0
100.346,0,0,0
87.2604,0,0,0
99.8967,0,0,0
137.148,0,0,0
84.7742,0,0,0
98.2274,0,0,0
99.3758,0,0,0
95.416,0,0,0
82.4144,0,0,0
81.4269,0,0,0
91.8364,0,0,0
80.1731,0,0,0
97.2544,0,0,0
81.0886,0,0,0
64.3161,0,0,0
136.105,0,0,0
229.618,0,0,0
226.145,0,0,0
85.5634,0,0,0
139.22,0,0,0
85.0778,0,0,0
80.8983,0,0,0
67.7103,0,0,0
88.371,0,0,0
114.624,0,0,0
130.688,0,0,0
109.627,0,0,0
88.796,0,0,0
71.7867,0,0,0
70.2561,0,0,0
74.4564,0,0,0
78.1389,0,0,0
78.3127,0,0,0
70.6654,0,0,0
88.6236,0,0,0
84.168,0,0,0
87.9421,0,0,0
96.4479,0,0,0
78.5436,0,0,0
62.994,0,0,0
171.949,0,0,0
91.4478,0,0,0
74.3616,0,0,0
123.327,0,0,0
104.247,0,0,0
82.3454,0,0,0
139.477,0,0,0
68.989,0,0,0
63.4185,0,0,0
85.2989,0,0,0
90.6282,0,0,0
103.716,0,0,0
66.4319,0,0,0
77.7194,0,0,0
99.8441,0,0,0
75.1596,0,0,0
68.1951,0,0,0
86.8712,0,0,0
100.428,0,0,0
141.632,0,0,0
84.0265,0,0,0
80.3501,0,0,0
98.8242,0,0,0
216.298,0,0,0
113.038,0,0,0
107.9,0,0,0
75.4416,0,0,0
98.8976,0,0,0
95.7582,0,0,0
88.137,0,0,0
80.8024,0,0,0
92.6837,0,0,0
77.4231,0,0,0
74.3801,0,0,0
93.4023,0,0,0
69.2016,0,0,0
78.2079,0,0,0
77.0111,0,0,0
658.982,0,0,0
127.06,0,0,0
100.192,0,0,0
67.8646,0,0,0
96.5919,0,0,0
97.9726,0,0,0
180.63,0,0,0
116.93,0,0,0
76.0266,0,0,0
85.5658,0,0,0
115.662,0,0,0
409.117,0,0,0
103.011,0,0,0
88.1907,0,0,0
162.7,0,0,0
101.775,0,0,0
88.0772,0,0,0
85.9297,0,0,0
80.2646,0,0,0
109.065,0,0,0
133.691,0,0,0
83.7671,0,0,0
82.4339,0,0,0
102.515,0,0,0
77.7667,0,0,0
364.549,0,0,0
92.6491,0,0,0
88.8575,0,0,0
100.7,0,0,0
127.958,0,0,0
170.183,0,0,0
149.659,0,0,0
87.243,0,0,0
83.7414,0,0,0
100.759,0,0,0
186.741,0,0,0
451.364,0,0,0
77.8691,0,0,0
113.413,0,0,0
92.2163,0,0,0
95.223,0,0,0
77.3959,0,0,0
168.585,0,0,0
87.1224,0,0,0
113.407,0,0,0
79.684,0,0,0
161.76,0,0,0
87.9993,0,0,0
78.059,0,0,0
80.7636,0,0,0
97.9915,0,0,0
93.1585,0,0,0
104.327,0,0,0
88.4497,0,0,0
112.221,0,0,0
73.3012,0,0,0
84.8516,0,0,0
89.1564,0,0,0
84.3652,0,0,0
75.2204,0,0,0
81.9744,0,0,0
205.867,0,0,0
78.2154,0,0,0
70.1819,0,0,0
88.9341,0,0,0
66.5491,0,0,0
81.602,0,0,0
82.8948,0,0,0
82.4992,0,0,0
94.1258,0,0,0
73.2701,0,0,0
102.142,0,0,0
115.976,0,0,0
76.7113,0,0,0
130.183,0,0,0
205.054,0,0,0
86.1422,0,0,0
98.1991,0,0,0
80.7654,0,0,0
134.899,0,0,0
104.172,0,0,0
70.5635,0,0,0
89.1769,0,0,0
95.8845,0,0,0
83.4866,0,0,0
70.1069,0,0,0
74.251,0,0,0
94.5876,0,0,0
62.3661,0,0,0
102.516,0,0,0
93.0723,0,0,0
78.6201,0,0,0
114.535,0,0,0
96.8076,0,0,0
85.2852,0,0,0
74.7488,0,0,0
70.472,0,0,0
116.376,0,0,0
67.5525,0,0,0
153.006,0,0,0
78.1284,0,0,0
89.3881,0,0,0
78.8993,0,0,0
70.302,0,0,0
94.2948,0,0,0
103.243,0,0,0
83.1595,0,0,0
103.714,0,0,0
117.505,0,0,0
73.9751,0,0,0
70.4199,0,0,0
78.2219,0,0,0
91.6204,0,0,0
107.168,0,0,0
77.8235,0,0,0
272.357,0,0,0
107.316,0,0,0
101.255,0,0,0
96.5363,0,0,0
86.6244,0,0,0
86.2601,0,0,0
91.0291,0,0,0
114.149,0,0,0
154.58,0,0,0
83.2364,0,0,0
96.0103,0,0,0
90.2188,0,0,0
101.198,0,0,0
109.919,0,0,0
128.386,0,0,0
108.077,0,0,0
79.7383,0,0,0
64.1344,0,0,0
90.6174,0,0,0
92.4891,0,0,0
139.752,0,0,0
129.751,0,0,0
75.9286,0,0,0
91.4829,0,0,0
74.9213,0,0,0
121.334,0,0,0
83.9543,0,0,0
229.191,0,0,0
73.4458,0,0,0
149.512,0,0,0
77.17,0,0,0
103.545,0,0,0
101.603,0,0,0
89.5138,0,0,0
89.248,0,0,0
73.9231,0,0,0
103.825,0,0,0
80.2626,0,0,0
71.2566,0,0,0
103.246,0,0,0
110.572,0,0,0
76.5968,0,0,0
113.764,0,0,0
88.7606,0,0,0
169.614,0,0,0
68.3678,0,0,0
77.2882,0,0,0
101.914,0,0,0
118.802,0,0,0
96.1614,0,0,0
76.2477,0,0,0
210.19,0,0,0
64.2452,0,0,0
96.9354,0,0,0
84.9116,0,0,0
72.8548,0,0,0
79.2353,0,0,0
78.313,0,0,0
95.7166,0,0,0
75.7055,0,0,0
83.9564,0,0,0
77.5152,0,0,0
71.4489,0,0,0
88.4667,0,0,0
116.04,0,0,0
156.739,0,0,0
104.33,0,0,0
76.6864,0,0,0
78.807,0,0,0
499.17,0,0,0
279.382,0,0,0
96.6199,0,0,0
105.016,0,0,0
87.9506,0,0,0
87.0626,0,0,0
425.37,0,0,0
81.7012,0,0,0
69.0074,0,0,0
99.4556,0,0,0
122.271,0,0,0
78.4887,0,0,0
77.623,0,0,0
260.456,0,0,0
165.258,0,0,0
88.8634,0,0,0
94.0987,0,0,0
89.9391,0,0,0
109.609,0,0,0
92.9499,0,0,0
261.458,0,0,0
99.4615,0,0,0
81.232,0,0,0
75.2363,0,0,0
77.3791,0,0,0
83.6407,0,0,0
89.7811,0,0,0
89.4988,0,0,0
72.7983,0,0,0
81.8998,0,0,0
91.0104,0,0,0
102.597,0,0,0
116.772,0,0,0
76.3422,0,0,0
179.188,0,0,0
110.277,0,0,0
69.3799,0,0,0
102.599,0,0,0
77.555,0,0,0
114.494,0,0,0
100.273,0,0,0
88.8857,0,0,0
89.2537,0,0,0
97.0672,0,0,0
89.6879,0,0,0
260.033,0,0,0
70.725,0,0,0
95.6909,0,0,0
268.393,0,0,0
82.6626,0,0,0
83.5712,0,0,0
117.579,0,0,0
199.207,0,0,0
136.677,0,0,0
78.0194,0,0,0
76.1615,0,0,0
127.52,0,0,0
87.881,0,0,0
85.3426,0,0,0
77.8776,0,0,0
120.564,0,0,0
180.257,0,0,0
65.6709,0,0,0
91.6235,0,0,0
75.776,0,0,0
99.0179,0,0,0
70.7755,0,0,0
89.318,0,0,0
78.9772,0,0,0
88.3689,0,0,0
81.3033,0,0,0
83.7322,0,0,0
126.948,0,0,0
90.2251,0,0,0
108.153,0,0,0
127.171,0,0,0
63.0984,0,0,0
79.9902,0,0,0
100.13,0,0,0
92.364,0,0,0
91.585,0,0,0
121.348,0,0,0
78.2402,0,0,0
76.468,0,0,0
98.1627,0,0,0
89.9855,0,0,0
68.744,0,0,0
82.1019,0,0,0
98.7759,0,0,0
67.4416,0,0,0
145.189,0,0,0
100.699,0,0,0
84.9377,0,0,0
73.2215,0,0,0
76.4216,0,0,0
213.721,0,0,0
89.4539,0,0,0
90.7594,0,0,0
109.107,0,0,0
77.7444,0,0,0
85.4566,0,0,0
86.6781,0,0,0
119.092,0,0,0
118.413,0,0,0
86.9049,0,0,0
79.9342,0,0,0
146.458,0,0,0
81.4424,0,0,0
82.8313,0,0,0
326.945,0,0,0
85.145,0,0,0
75.6752,0,0,0
95.8934,0,0,0
153.248,0,0,0
147.075,0,0,0
72.7087,0,0,0
77.3244,0,0,0
79.5548,0,0,0
81.4474,0,0,0
82.0195,0,0,0
80.7399,0,0,0
90.5727,0,0,0
74.9518,0,0,0
94.7582,0,0,0
88.7034,0,0,0
68.0902,0,0,0
162.36,0,0,0
94.735,0,0,0
124.794,0,0,0
70.322,0,0,0
78.6783,0,0,0
96.9941,0,0,0
82.857,0,0,0
123.825,0,0,0
91.4732,0,0,0
105.496,0,0,0
204.654,0,0,0
125.393,0,0,0
116.48,0,0,0
68.1253,0,0,0
86.6375,0,0,0
97.8056,0,0,0
84.503,0,0,0
65.6168,0,0,0
108.383,0,0,0
109.748,0,0,0
76.8655,0,0,0
77.0489,0,0,0
84.2947,0,0,0
76.4753,0,0,0
93.8252,0,0,0
72.8921,0,0,0
91.0162,0,0,0
232.501,0,0,0
77.9798,0,0,0
77.2381,0,0,0
84.7378,0,0,0
84.3593,0,0,0
84.4394,0,0,0
286.035,0,0,0
115.853,0,0,0
83.0724,0,0,0
142.319,0,0,0
82.9258,0,0,0
98.7208,0,0,0
82.0915,0,0,0
93.5263,0,0,0
61.3267,0,0,0
107.625,0,0,0
87.9299,0,0,0
90.8536,0,0,0
180.813,0,0,0
78.4163,0,0,0
96.0047,0,0,0
81.9942,0,0,0
77.6903,0,0,0
111.811,0,0,0
75.1781,0,0,0
83.4263,0,0,0
75.5177,0,0,0
111.183,0,0,0
298.645,0,0,0
69.7698,0,0,0
78.3285,0,0,0
90.9449,0,0,0
77.1089,0,0,0
404.479,0,0,0
86.0214,0,0,0
115.321,0,0,0
75.6921,0,0,0
76.721,0,0,0
139.643,0,0,0
150.032,0,0,0
71.6086,0,0,0
118.714,0,0,0
77.987,0,0,0
167.376,0,0,0
81.9407,0,0,0
108.258,0,0,0
76.4882,0,0,0
85.97,0,0,0
69.2436,0,0,0
92.7022,0,0,0
98.262,0,0,0
144.971,0,0,0
69.5511,0,0,0
75.7821,0,0,0
116.027,0,0,0
88.5447,0,0,0
91.4749,0,0,0
87.0047,0,0,0
92.3051,0,0,0
94.2664,0,0,0
100.88,0,0,0
97.9532,0,0,0
84.1169,0,0,0
65.1172,0,0,0
103.164,0,0,0
69.1583,0,0,0
75.6674,0,0,0
177.502,0,0,0
85.0706,0,0,0
199.598,0,0,0
136.851,0,0,0
78.2397,0,0,0
97.215,0,0,0
164.172,0,0,0
143.403,0,0,0
79.0195,0,0,0
104.738,0,0,0
63.5151,0,0,0
105.686,0,0,0
82.4117,0,0,0
71.287,0,0,0
66.1974,0,0,0
98.2703,0,0,0
104.912,0,0,0
113.68,0,0,0
97.7943,0,0,0
88.8572,0,0,0
75.3413,0,0,0
84.7301,0,0,0
96.4646,0,0,0
192.841,0,0,0
68.3538,0,0,0
177.357,0,0,0
85.2908,0,0,0
97.4299,0,0,0
85.246,0,0,0
78.3249,0,0,0
76.3294,0,0,0
91.2065,0,0,0
89.9901,0,0,0
83.2207,0,0,0
70.816,0,0,0
104.909,0,0,0
82.2247,0,0,0
97.0747,0,0,0
85.6307,0,0,0
85.6713,0,0,0
58.0817,0,0,0
117.571,0,0,0
89.9149,0,0,0
64.6136,0,0,0
81.2036,0,0,0
105.626,0,0,0
113.046,0,0,0
112.834,0,0,0
79.3865,0,0,0
76.5786,0,0,0
97.1104,0,0,0
103.468,0,0,0
181.177,0,0,0
93.1354,0,0,0
107.442,0,0,0
76.1071,0,0,0
82.1656,0,0,0
81.2004,0,0,0
127.291,0,0,0
74.0222,0,0,0
102.048,0,0,0
74.1168,0,0,0
70.7212,0,0,0
71.8594,0,0,0
92.4109,0,0,0
97.598,0,0,0
70.6805,0,0,0
105.603,0,0,0
105.774,0,0,0
89.5581,0,0,0
90.171,0,0,0
73.4107,0,0,0
96.6325,0,0,0
85.294,0,0,0
72.1805,0,0,0
75.2608,0,0,0
84.1062,0,0,0
120.348,0,0,0
70.8458,0,0,0
78.6978,0,0,0
88.123,0,0,0
107.742,0,0,0
95.2386,0,0,0
95.2587,0,0,0
131.689,0,0,0
110.461,0,0,0
92.0798,0,0,0
112.178,0,0,0
78.0968,0,0,0
92.4926,0,0,0
88.9839,0,0,0
112.566,0,0,0
121.917,0,0,0
194.987,0,0,0
118.255,0,0,0
103.31,0,0,0
89.2787,0,0,0
98.2213,0,0,0
96.007,0,0,0
117.424,0,0,0
78.7183,0,0,0
148.384,0,0,0
85.2729,0,0,0
148.534,0,0,0
91.2862,0,0,0
156.412,0,0,0
103.236,0,0,0
79.4197,0,0,0
106.823,0,0,0
68.2514,0,0,0
99.4969,0,0,0
74.1035,0,0,0
109.423,0,0,0
87.6054,0,0,0
65.9025,0,0,0
102.32,0,0,0
78.5823,0,0,0
94.7848,0,0,0
85.3717,0,0,0
83.4946,0,0,0
139.14,0,0,0
107.997,0,0,0
115.018,0,0,0
136.495,0,0,0
141.191,0,0,0
79.0261,0,0,0
78.6547,0,0,0
102.109,0,0,0
76.9062,0,0,0
98.6939,0,0,0
94.4571,0,0,0
112.672,0,0,0
138.224,0,0,0
182.281,0,0,0
77.2763,0,0,0
73.5291,0,0,0
137.979,0,0,0
85.5647,0,0,0
79.2267,0,0,0
78.0316,0,0,0
78.5065,0,0,0
86.3303,0,0,0
77.2042,0,0,0
123.103,0,0,0
84.1862,0,0,0
70.7642,0,0,0
80.5649,0,0,0
84.7616,0,0,0
89.3341,0,0,0
131.908,0,0,0
84.7606,0,0,0
126.91,0,0,0
89.9008,0,0,0
71.0149,0,0,0
85.005,0,0,0
91.7438,0,0,0
102.529,0,0,0
102.859,0,0,0
65.7352,0,0,0
78.0785,0,0,0
104.912,0,0,0
78.7655,0,0,0
81.4324,0,0,0
99.4714,0,0,0
96.9027,0,0,0
127.568,0,0,0
87.1493,0,0,0
243.799,0,0,0
107.981,0,0,0
151.948,0,0,0
101.819,0,0,0
72.4014,0,0,0
87.165,0,0,0
93.0303,0,0,0
108.727,0,0,0
89.23,0,0,0
148.33,0,0,0
75.0397,0,0,0
362.787,0,0,0
78.2631,0,0,0
148.232,0,0,0
108.572,0,0,0
129.591,0,0,0
126.342,0,0,0
111.974,0,0,0
133.622,0,0,0
78.975,0,0,0
90.7535,0,0,0
80.5887,0,0,0
72.3605,0,0,0
91.8159,0,0,0
83.8816,0,0,0
91.4765,0,0,0
92.4961,0,0,0
83.242,0,0,0
84.3549,0,0,0
139.34,0,0,0
138.245,0,0,0
89.4066,0,0,0
80.0297,0,0,0
85.323,0,0,0
111.49,0,0,0
92.5656,0,0,0
136.526,0,0,0
175.557,0,0,0
143.225,0,0,0
65.6119,0,0,0
137.292,0,0,0
83.8301,0,0,0
100.304,0,0,0
76.484,0,0,0
112.099,0,0,0
71.4465,0,0,0
98.1061,0,0,0
81.7088,0,0,0
100.718,0,0,0
123.61,0,0,0
74.6154,0,0,0
71.2199,0,0,0
65.9183,0,0,0
90.7201,0,0,0
97.2581,0,0,0
78.2375,0,0,0
85.0499,0,0,0
92.3796,0,0,0
120.266,0,0,0
85.1287,0,0,0
85.1548,0,0,0
93.1915,0,0,0
82.9618,0,0,0
97.8322,0,0,0
79.0915,0,0,0
89.261,0,0,0
91.8052,0,0,0
81.4603,0,0,0
174.048,0,0,0
118.344,0,0,0
85.111,0,0,0
95.6499,0,0,0
79.6878,0,0,0
79.4192,0,0,0
78.6356,0,0,0
77.8316,0,0,0
78.3409,0,0,0
83.0355,0,0,0
77.8518,0,0,0
83.7525,0,0,0
82.7795,0,0,0
79.7863,0,0,0
142.735,0,0,0
105.948,0,0,0
136.435,0,0,0
89.412,0,0,0
107.031,0,0,0
115.508,0,0,0
88.0833,0,0,0
85.9512,0,0,0
78.3632,0,0,0
75.4586,0,0,0
113.462,0,0,0
83.2205,0,0,0
81.8044,0,0,0
102.046,0,0,0
132.257,0,0,0
81.27,0,0,0
75.5724,0,0,0
114.819,0,0,0
99.4149,0,0,0
70.7459,0,0,0
106.101,0,0,0
85.9756,0,0,0
80.0051,0,0,0
100.192,0,0,0
78.0347,0,0,0
120.162,0,0,0
92.4682,0,0,0
94.3826,0,0,0
140.798,0,0,0
145.942,0,0,0
153.482,0,0,0
105.188,0,0,0
85.2247,0,0,0
96.9532,0,0,0
84.2545,0,0,0
87.2902,0,0,0
109.826,0,0,0
121.761,0,0,0
87.4824,0,0,0
78.9861,0,0,0
73.2049,0,0,0
108.155,0,0,0
131.33,0,0,0
64.2973,0,0,0
303.324,0,0,0
138.019,0,0,0
66.2214,0,0,0
158.235,0,0,0
69.8247,0,0,0
90.054,0,0,0
118.484,0,0,0
108.906,0,0,0
120.79,0,0,0
83.3443,0,0,0
95.9738,0,0,0
143.657,0,0,0
94.9061,0,0,0
83.9307,0,0,0
72.5112,0,0,0
90.0886,0,0,0
101.422,0,0,0
77.5726,0,0,0
99.9159,0,0,0
81.1796,0,0,0
77.2321,0,0,0
114.531,0,0,0
102.627,0,0,0
125.106,0,0,0
75.6243,0,0,0
92.0011,0,0,0
77.7807,0,0,0
100.496,0,0,0
87.8654,0,0,0
77.6283,0,0,0
81.1157,0,0,0
188.605,0,0,0
101.115,0,0,0
99.9112,0,0,0
81.8784,0,0,0
87.6225,0,0,0
96.9425,0,0,0
241.504,0,0,0
87.7657,0,0,0
85.8929,0,0,0
94.5904,0,0,0
77.5751,0,0,0
90.8056,0,0,0
117.865,0,0,0
99.9286,0,0,0
85.7544,0,0,0
158.612,0,0,0
106.624,0,0,0
82.965,0,0,0
99.4568,0,0,0
104.794,0,0,0
98.0748,0,0,0
88.5845,0,0,0
175.128,0,0,0
110.662,0,0,0
72.7126,0,0,0
93.4587,0,0,0
87.2479,0,0,0
90.085,0,0,0
104.973,0,0,0
80.447,0,0,0
85.5908,0,0,0
165.769,0,0,0
94.0529,0,0,0
95.3201,0,0,0
72.3529,0,0,0
88.9358,0,0,0
123.302,0,0,0
137.269,0,0,0
96.2673,0,0,0
95.6178,0,0,0
78.8613,0,0,0
93.426,0,0,0
78.1533,0,0,0
65.3794,0,0,0
86.0622,0,0,0
88.5777,0,0,0
122.265,0,0,0
74.5246,0,0,0
73.5774,0,0,0
106.776,0,0,0
76.3433,0,0,0
102.742,0,0,0
258.251,0,0,0
70.2226,0,0,0
78.1061,0,0,0
85.5469,0,0,0
130.533,0,0,0
77.505,0,0,0
143.664,0,0,0
156.3,0,0,0
80.1141,0,0,0
165.242,0,0,0
86.0548,0,0,0
79.5696,0,0,0
116.227,0,0,0
101.76,0,0,0
92.6507,0,0,0
73.8066,0,0,0
70.4537,0,0,0
98.6673,0,0,0
82.6488,0,0,0
74.0865,0,0,0
67.1444,0,0,0
84.3805,0,0,0
71.3571,0,0,0
99.1092,0,0,0
145.218,0,0,0
148.597,0,0,0
63.8974,0,0,0
72.9938,0,0,0
83.6379,0,0,0
103.219,0,0,0
100.848,0,0,0
90.1883,0,0,0
76.422,0,0,0
85.9307,0,0,0
126.024,0,0,0
81.3587,0,0,0
106.437,0,0,0
89.5016,0,0,0
143.892,0,0,0
76.8134,0,0,0
150.339,0,0,0
87.2753,0,0,0
98.7379,0,0,0
94.5286,0,0,0
83.8793,0,0,0
96.3755,0,0,0
146.971,0,0,0
114.265,0,0,0
106.987,0,0,0
311.158,0,0,0
155.202,0,0,0
60.4081,0,0,0
107.571,0,0,0
102.353,0,0,0
163.994,0,0,0
69.2466,0,0,0
100.852,0,0,0
168.25,0,0,0
112.96,0,0,0
67.1966,0,0,0
85.7668,0,0,0
89.0793,0,0,0
100.692,0,0,0
130.666,0,0,0
85.3864,0,0,0
102.978,0,0,0
70.4058,0,0,0
67.7523,0,0,0
102.182,0,0,0
65.6956,0,0,0
210.246,0,0,0
77.6359,0,0,0
82.2679,0,0,0
84.3843,0,0,0
109.953,0,0,0
320.059,0,0,0
102.886,0,0,0
96.9836,0,0,0
74.5458,0,0,0
91.2398,0,0,0
82.7194,0,0,0
286.922,0,0,0
71.8581,0,0,0
101.921,0,0,0
93.3641,0,0,0
81.6586,0,0,0
88.1456,0,0,0
83.0337,0,0,0
97.2463,0,0,0
143.137,0,0,0
90.6034,0,0,0
78.7745,0,0,0
77.7847,0,0,0
184.038,0,0,0
88.427,0,0,0
80.4225,0,0,0
85.3368,0,0,0
183.236,0,0,0
94.234,0,0,0
85.4184,0,0,0
75.6322,0,0,0
115.483,0,0,0
91.0126,0,0,0
101.491,0,0,0
86.8756,0,0,0
108.788,0,0,0
71.6877,0,0,0
108.469,0,0,0
119.155,0,0,0
81.0808,0,0,0
206.313,0,0,0
102.235,0,0,0
95.3895,0,0,0
118.933,0,0,0
86.1533,0,0,0
79.7787,0,0,0
61.334,0,0,0
88.733,0,0,0
104.367,0,0,0
78.3009,0,0,0
95.7137,0,0,0
89.6461,0,0,0
89.2023,0,0,0
175.904,0,0,0
269.022,0,0,0
82.2885,0,0,0
71.163,0,0,0
92.9574,0,0,0
82.4356,0,0,0
91.8763,0,0,0
83.4859,0,0,0
90.0687,0,0,0
88.5606,0,0,0
81.3578,0,0,0
114.922,0,0,0
81.1088,0,0,0
85.0811,0,0,0
100.351,0,0,0
89.2076,0,0,0
129.623,0,0,0
80.0343,0,0,0
89.9462,0,0,0
76.8228,0,0,0
100.279,0,0,0
220.407,0,0,0
73.9303,0,0,0
88.9992,0,0,0
122.26,0,0,0
74.3099,0,0,0
80.7144,0,0,0
95.4923,0,0,0
195.331,0,0,0
102.94,0,0,0
140.165,0,0,0
139.057,0,0,0
95.7797,0,0,0
115.666,0,0,0
186.478,0,0,0
67.2148,0,0,0
74.0538,0,0,0
150.062,0,0,0
98.4765,0,0,0
94.8301,0,0,0
224.734,0,0,0
84.4531,0,0,0
75.3228,0,0,0
81.3438,0,0,0
83.3095,0,0,0
89.5289,0,0,0
113.837,0,0,0
132.019,0,0,0
81.475,0,0,0
120.719,0,0,0
98.0263,0,0,0
73.2429,0,0,0
83.8593,0,0,0
66.0629,0,0,0
167.326,0,0,0
71.1857,0,0,0
144.058,0,0,0
78.8677,0,0,0
87.2123,0,0,0
88.4479,0,0,0
76.5537,0,0,0
79.4341,0,0,0
116.612,0,0,0
90.4324,0,0,0
67.5619,0,0,0
130.64,0,0,0
128.821,0,0,0
88.973,0,0,0
99.7508,0,0,0
109.147,0,0,0
136.683,0,0,0
102.92,0,0,0
97.2977,0,0,0
172.594,0,0,0
74.5589,0,0,0
101.905,0,0,0
79.2861,0,0,0
96.2763,0,0,0
99.9246,0,0,0
118.559,0,0,0
83.2831,0,0,0
96.7532,0,0,0
90.1645,0,0,0
93.765,0,0,0
84.5572,0,0,0
83.6253,0,0,0
128.508,0,0,0
99.0061,0,0,0
88.2534,0,0,0
73.4008,0,0,0
123.392,0,0,0
78.4157,0,0,0
106.152,0,0,0
174.145,0,0,0
82.3795,0,0,0
86.8784,0,0,0
275.424,0,0,0
310.499,0,0,0
76.2659,0,0,0
69.8398,0,0,0
107.414,0,0,0
139.323,0,0,0
114.747,0,0,0
74.4584,0,0,0
83.033,0,0,0
469.434,0,0,0
94.1823,0,0,0
88.0227,0,0,0
84.18,0,0,0
321.341,0,0,0
91.8143,0,0,0
111.423,0,0,0
113.448,0,0,0
81.7573,0,0,0
111.903,0,0,0
75.5329,0,0,0
95.5708,0,0,0
117.9,0,0,0
92.5402,0,0,0
70.6231,0,0,0
68.4833,0,0,0
169.519,0,0,0
83.3657,0,0,0
90.5367,0,0,0
84.6855,0,0,0
107.896,0,0,0
160.03,0,0,0
113.574,0,0,0
96.0675,0,0,0
92.452,0,0,0
77.2862,0,0,0
140.385,0,0,0
233.659,0,0,0
114.373,0,0,0
117.501,0,0,0
76.7293,0,0,0
82.926,0,0,0
94.6049,0,0,0
91.1162,0,0,0
85.9953,0,0,0
90.0149,0,0,0
130.805,0,0,0
91.1772,0,0,0
85.0369,0,0,0
86.7802,0,0,0
99.9616,0,0,0
80.3385,0,0,0
97.9154,0,0,0
100.515,0,0,0
75.233,0,0,0
65.4761,0,0,0
81.9694,0,0,0
77.2094,0,0,0
76.2547,0,0,0
98.7197,0,0,0
72.6442,0,0,0
170.018,0,0,0
72.7279,0,0,0
54.2217,0,0,0
161.72,0,0,0
71.0478,0,0,0
89.0243,0,0,0
102.483,0,0,0
93.7487,0,0,0
96.8493,0,0,0
102.469,0,0,0
106.135,0,0,0
133.752,0,0,0
322.265,0,0,0
76.2234,0,0,0
130.469,0,0,0
108.377,0,0,0
77.1371,0,0,0
85.2283,0,0,0
90.4112,0,0,0
79.7894,0,0,0
79.9787,0,0,0
82.3767,0,0,0
77.7063,0,0,0
98.8095,0,0,0
266.572,0,0,0
87.2417,0,0,0
85.0325,0,0,0
93.8253,0,0,0
81.7536,0,0,0
110.37,0,0,0
83.918,0,0,0
168.759,0,0,0
98.4582,0,0,0
72.2004,0,0,0
92.1908,0,0,0
76.226,0,0,0
157.427,0,0,0
92.2797,0,0,0
79.0078,0,0,0
93.3495,0,0,0
86.8674,0,0,0
103.977,0,0,0
297.388,0,0,0
74.2988,0,0,0
89.8908,0,0,0
110.404,0,0,0
232.244,0,0,0
73.1771,0,0,0
95.7256,0,0,0
77.5473,0,0,0
233.088,0,0,0
88.8743,0,0,0
92.5352,0,0,0
80.9284,0,0,0
87.1686,0,0,0
93.2268,0,0,0
248.806,0,0,0
85.892,0,0,0
73.8768,0,0,0
94.7363,0,0,0
91.7729,0,0,0
76.0187,0,0,0
87.3449,0,0,0
172.149,0,0,0
73.9866,0,0,0
84.7208,0,0,0
89.8399,0,0,0
119.471,0,0,0
74.9375,0,0,0
109.471,0,0,0
74.4261,0,0,0
71.1966,0,0,0
67.6757,0,0,0
100.708,0,0,0
102.681,0,0,0
110.507,0,0,0
82.9454,0,0,0
79.7255,0,0,0
108.226,0,0,0
111.729,0,0,0
75.7804,0,0,0
78.0681,0,0,0
131.661,0,0,0
67.3352,0,0,0
137.409,0,0,0
100.936,0,0,0
474.519,0,0,0
96.4885,0,0,0
93.5583,0,0,0
99.5718,0,0,0
117.603,0,0,0
72.7483,0,0,0
85.7746,0,0,0
80.2426,0,0,0
115.743,0,0,0
98.2451,0,0,0
92.7855,0,0,0
86.8793,0,0,0
71.223,0,0,0
70.8838,0,0,0
206.04,0,0,0
228.362,0,0,0
180.3,0,0,0
121.495,0,0,0
94.9774,0,0,0
67.1026,0,0,0
80.5986,0,0,0
76.9043,0,0,0
81.0323,0,0,0
72.0319,0,0,0
142.071,0,0,0
130.758,0,0,0
89.1326,0,0,0
76.4723,0,0,0
99.4848,0,0,0
98.2327,0,0,0
143.547,0,0,0
104.455,0,0,0
95.3145,0,0,0
78.3267,0,0,0
102.367,0,0,0
92.4647,0,0,0
106.425,0,0,0
84.2928,0,0,0
78.662,0,0,0
89.0291,0,0,0
101.308,0,0,0
79.1705,0,0,0
142.371,0,0,0
70.5075,0,0,0
73.0384,0,0,0
115.899,0,0,0
83.9793,0,0,0
116.146,0,0,0
149.705,0,0,0
193.413,0,0,0
123.046,0,0,0
91.9837,0,0,0
73.3308,0,0,0
92.855,0,0,0
126.188,0,0,0
110.19,0,0,0
71.5678,0,0,0
91.6875,0,0,0
107.093,0,0,0
101.512,0,0,0
73.5441,0,0,0
239.821,0,0,0
163.874,0,0,0
260.454,0,0,0
78.265,0,0,0
119.595,0,0,0
98.3857,0,0,0
65.9243,0,0,0
97.2677,0,0,0
84.0733,0,0,0
113.791,0,0,0
89.6456,0,0,0
113.964,0,0,0
104.308,0,0,0
113.085,0,0,0
69.7889,0,0,0
87.567,0,0,0
159.35,0,0,0
79.9962,0,0,0
75.252,0,0,0
86.0055,0,0,0
102.642,0,0,0
94.1116,0,0,0
117.491,0,0,0
100.448,0,0,0
91.9491,0,0,0
102.523,0,0,0
84.6526,0,0,0
107.705,0,0,0
114.852,0,0,0
85.7948,0,0,0
73.8118,0,0,0
82.9231,0,0,0
88.2952,0,0,0
166.648,0,0,0
86.949,0,0,0
98.6799,0,0,0
98.5734,0,0,0
84.2843,0,0,0
83.6892,0,0,0
72.3321,0,0,0
82.2063,0,0,0
65.6168,0,0,0
76.3031,0,0,0
101.41,0,0,0
90.2127,0,0,0
186.212,0,0,0
81.1663,0,0,0
76.3972,0,0,0
86.3506,0,0,0
81.8869,0,0,0
96.7034,0,0,0
80.554,0,0,0
103.698,0,0,0
98.6621,0,0,0
97.6804,0,0,0
103.273,0,0,0
99.0063,0,0,0
108.509,0,0,0
80.8407,0,0,0
88.9685,0,0,0
89.4693,0,0,0
75.623,0,0,0
116.702,0,0,0
91.7137,0,0,0

